Title: "BEC.csv"
12369,PST,'TEMPERATURE, AIR AVERAGE (deg f)'
20060101,0000,55
20060102,0000,54
20060103,0000,52
20060104,0000,65
20060105,0000,76
20060106,0000,74
20060107,0000,60
20060108,0000,57
20060109,0000,64
20060110,0000,62
20060111,0000,57
20060112,0000,57
20060113,0000,57
20060114,0000,53
20060115,0000,50
20060116,0000,52
20060117,0000,57
20060118,0000,54
20060119,0000,53
20060120,0000,55
20060121,0000,55
20060122,0000,59
20060123,0000,64
20060124,0000,61
20060125,0000,52
20060126,0000,52
20060127,0000,52
20060128,0000,52
20060129,0000,53
20060130,0000,55
20060131,0000,56
20060201,0000,55
20060202,0000,56
20060203,0000,59
20060204,0000,55
20060205,0000,64
20060206,0000,69
20060207,0000,69
20060208,0000,74
20060209,0000,66
20060210,0000,57
20060211,0000,61
20060212,0000,74
20060213,0000,71
20060214,0000,58
20060215,0000,52
20060216,0000,51
20060217,0000,50
20060218,0000,48
20060219,0000,47
20060220,0000,46
20060221,0000,47
20060222,0000,54
20060223,0000,57
20060224,0000,54
20060225,0000,58
20060226,0000,63
20060227,0000,59
20060228,0000,55
20060301,0000,50
20060302,0000,49
20060303,0000,48
20060304,0000,46
20060305,0000,49
20060306,0000,51
20060307,0000,52
20060308,0000,49
20060309,0000,50
20060310,0000,47
20060311,0000,43
20060312,0000,44
20060313,0000,44
20060314,0000,48
20060315,0000,47
20060316,0000,48
20060317,0000,48
20060318,0000,46
20060319,0000,46
20060320,0000,48
20060321,0000,46
20060322,0000,49
20060323,0000,58
20060324,0000,56
20060325,0000,55
20060326,0000,54
20060327,0000,51
20060328,0000,51
20060329,0000,50
20060330,0000,50
20060331,0000,50
20060401,0000,49
20060402,0000,51
20060403,0000,57
20060404,0000,55
20060405,0000,50
20060406,0000,49
20060407,0000,49
20060408,0000,51
20060409,0000,50
20060410,0000,49
20060411,0000,52
20060412,0000,54
20060413,0000,59
20060414,0000,56
20060415,0000,54
20060416,0000,53
20060417,0000,51
20060418,0000,54
20060419,0000,57
20060420,0000,58
20060421,0000,55
20060422,0000,52
20060423,0000,49
20060424,0000,50
20060425,0000,52
20060426,0000,53
20060427,0000,53
20060428,0000,57
20060429,0000,56
20060430,0000,55
20060501,0000,56
20060502,0000,57
20060503,0000,57
20060504,0000,56
20060505,0000,54
20060506,0000,57
20060507,0000,56
20060508,0000,56
20060509,0000,56
20060510,0000,56
20060511,0000,58
20060512,0000,58
20060513,0000,56
20060514,0000,55
20060515,0000,58
20060516,0000,60
20060517,0000,59
20060518,0000,m
20060519,0000,m
20060520,0000,m
20060521,0000,m
20060522,0000,m
20060523,0000,69
20060524,0000,m
20060525,0000,m
20060526,0000,60
20060527,0000,61
20060528,0000,63
20060529,0000,65
20060530,0000,69
20060531,0000,71
20060601,0000,68
20060602,0000,72
20060603,0000,79
20060604,0000,71
20060605,0000,66
20060606,0000,64
20060607,0000,61
20060608,0000,64
20060609,0000,63
20060610,0000,65
20060611,0000,65
20060612,0000,65
20060613,0000,67
20060614,0000,71
20060615,0000,68
20060616,0000,74
20060617,0000,70
20060618,0000,68
20060619,0000,68
20060620,0000,68
20060621,0000,68
20060622,0000,67
20060623,0000,71
20060624,0000,70
20060625,0000,77
20060626,0000,79
20060627,0000,79
20060628,0000,81
20060629,0000,78
20060630,0000,77
20060701,0000,79
20060702,0000,77
20060703,0000,77
20060704,0000,74
20060705,0000,72
20060706,0000,72
20060707,0000,74
20060708,0000,77
20060709,0000,76
20060710,0000,72
20060711,0000,75
20060712,0000,80
20060713,0000,79
20060714,0000,82
20060715,0000,82
20060716,0000,78
20060717,0000,75
20060718,0000,75
20060719,0000,74
20060720,0000,76
20060721,0000,82
20060722,0000,86
20060723,0000,81
20060724,0000,84
20060725,0000,77
20060726,0000,78
20060727,0000,79
20060728,0000,78
20060729,0000,76
20060730,0000,73
20060731,0000,70
20060801,0000,71
20060802,0000,72
20060803,0000,69
20060804,0000,69
20060805,0000,70
20060806,0000,68
20060807,0000,70
20060808,0000,74
20060809,0000,78
20060810,0000,75
20060811,0000,73
20060812,0000,72
20060813,0000,70
20060814,0000,69
20060815,0000,67
20060816,0000,68
20060817,0000,69
20060818,0000,71
20060819,0000,69
20060820,0000,69
20060821,0000,71
20060822,0000,76
20060823,0000,78
20060824,0000,74
20060825,0000,70
20060826,0000,72
20060827,0000,78
20060828,0000,76
20060829,0000,71
20060830,0000,71
20060831,0000,73
20060901,0000,76
20060902,0000,77
20060903,0000,83
20060904,0000,84
20060905,0000,82
20060906,0000,78
20060907,0000,70
20060908,0000,69
20060909,0000,66
20060910,0000,66
20060911,0000,74
20060912,0000,76
20060913,0000,68
20060914,0000,65
20060915,0000,65
20060916,0000,67
20060917,0000,73
20060918,0000,76
20060919,0000,75
20060920,0000,66
20060921,0000,65
20060922,0000,63
20060923,0000,66
20060924,0000,72
20060925,0000,68
20060926,0000,66
20060927,0000,68
20060928,0000,74
20060929,0000,70
20060930,0000,66
20061001,0000,67
20061002,0000,68
20061003,0000,66
20061004,0000,63
20061005,0000,62
20061006,0000,60
20061007,0000,61
20061008,0000,61
20061009,0000,62
20061010,0000,63
20061011,0000,61
20061012,0000,61
20061013,0000,62
20061014,0000,60
20061015,0000,60
20061016,0000,60
20061017,0000,60
20061018,0000,68
20061019,0000,71
20061020,0000,72
20061021,0000,70
20061022,0000,73
20061023,0000,74
20061024,0000,63
20061025,0000,60
20061026,0000,70
20061027,0000,75
20061028,0000,72
20061029,0000,61
20061030,0000,59
20061031,0000,59
20061101,0000,61
20061102,0000,64
20061103,0000,61
20061104,0000,63
20061105,0000,75
20061106,0000,81
20061107,0000,81
20061108,0000,68
20061109,0000,61
20061110,0000,65
20061111,0000,61
20061112,0000,62
20061113,0000,64
20061114,0000,59
20061115,0000,71
20061116,0000,68
20061117,0000,67
20061118,0000,71
20061119,0000,77
20061120,0000,76
20061121,0000,61
20061122,0000,59
20061123,0000,59
20061124,0000,57
20061125,0000,57
20061126,0000,55
20061127,0000,54
20061128,0000,53
20061129,0000,55
20061130,0000,55
20061201,0000,61
20061202,0000,67
20061203,0000,65
20061204,0000,66
20061205,0000,61
20061206,0000,62
20061207,0000,67
20061208,0000,65
20061209,0000,56
20061210,0000,54
20061211,0000,56
20061212,0000,57
20061213,0000,61
20061214,0000,65
20061215,0000,56
20061216,0000,51
20061217,0000,47
20061218,0000,50
20061219,0000,48
20061220,0000,48
20061221,0000,50
20061222,0000,53
20061223,0000,58
20061224,0000,62
20061225,0000,66
20061226,0000,62
20061227,0000,51
20061228,0000,52
20061229,0000,54
20061230,0000,53
20061231,0000,52
20070101,0000,58
20070102,0000,63
20070103,0000,59
20070104,0000,51
20070105,0000,52
20070106,0000,56
20070107,0000,65
20070108,0000,75
20070109,0000,70
20070110,0000,57
20070111,0000,51
20070112,0000,46
20070113,0000,44
20070114,0000,44
20070115,0000,49
20070116,0000,51
20070117,0000,48
20070118,0000,55
20070119,0000,54
20070120,0000,50
20070121,0000,54
20070122,0000,59
20070123,0000,57
20070124,0000,62
20070125,0000,65
20070126,0000,57
20070127,0000,52
20070128,0000,52
20070129,0000,54
20070130,0000,51
20070131,0000,50
20070201,0000,50
20070202,0000,52
20070203,0000,58
20070204,0000,70
20070205,0000,71
20070206,0000,62
20070207,0000,52
20070208,0000,54
20070209,0000,57
20070210,0000,57
20070211,0000,54
20070212,0000,53
20070213,0000,53
20070214,0000,54
20070215,0000,56
20070216,0000,67
20070217,0000,74
20070218,0000,62
20070219,0000,52
20070220,0000,53
20070221,0000,55
20070222,0000,51
20070223,0000,49
20070224,0000,52
20070225,0000,51
20070226,0000,52
20070227,0000,50
20070228,0000,47
20070301,0000,48
20070302,0000,55
20070303,0000,64
20070304,0000,68
20070305,0000,68
20070306,0000,70
20070307,0000,62
20070308,0000,57
20070309,0000,55
20070310,0000,56
20070311,0000,74
20070312,0000,78
20070313,0000,67
20070314,0000,56
20070315,0000,59
20070316,0000,60
20070317,0000,57
20070318,0000,55
20070319,0000,57
20070320,0000,54
20070321,0000,52
20070322,0000,58
20070323,0000,59
20070324,0000,59
20070325,0000,59
20070326,0000,56
20070327,0000,52
20070328,0000,54
20070329,0000,61
20070330,0000,63
20070331,0000,63
20070401,0000,59
20070402,0000,56
20070403,0000,59
20070404,0000,59
20070405,0000,58
20070406,0000,58
20070407,0000,56
20070408,0000,58
20070409,0000,59
20070410,0000,60
20070411,0000,58
20070412,0000,56
20070413,0000,61
20070414,0000,59
20070415,0000,53
20070416,0000,55
20070417,0000,56
20070418,0000,56
20070419,0000,57
20070420,0000,49
20070421,0000,52
20070422,0000,54
20070423,0000,56
20070424,0000,62
20070425,0000,64
20070426,0000,60
20070427,0000,64
20070428,0000,63
20070429,0000,61
20070430,0000,61
20070501,0000,60
20070502,0000,61
20070503,0000,59
20070504,0000,56
20070505,0000,61
20070506,0000,73
20070507,0000,79
20070508,0000,80
20070509,0000,72
20070510,0000,68
20070511,0000,64
20070512,0000,58
20070513,0000,59
20070514,0000,60
20070515,0000,58
20070516,0000,60
20070517,0000,61
20070518,0000,62
20070519,0000,62
20070520,0000,61
20070521,0000,57
20070522,0000,60
20070523,0000,63
20070524,0000,63
20070525,0000,63
20070526,0000,62
20070527,0000,61
20070528,0000,60
20070529,0000,60
20070530,0000,62
20070531,0000,62
20070601,0000,61
20070602,0000,62
20070603,0000,64
20070604,0000,65
20070605,0000,62
20070606,0000,61
20070607,0000,61
20070608,0000,62
20070609,0000,61
20070610,0000,61
20070611,0000,63
20070612,0000,66
20070613,0000,69
20070614,0000,68
20070615,0000,67
20070616,0000,66
20070617,0000,64
20070618,0000,63
20070619,0000,66
20070620,0000,72
20070621,0000,67
20070622,0000,68
20070623,0000,65
20070624,0000,65
20070625,0000,66
20070626,0000,66
20070627,0000,67
20070628,0000,68
20070629,0000,69
20070630,0000,72
20070701,0000,72
20070702,0000,74
20070703,0000,74
20070704,0000,71
20070705,0000,70
20070706,0000,70
20070707,0000,71
20070708,0000,67
20070709,0000,66
20070710,0000,68
20070711,0000,69
20070712,0000,70
20070713,0000,77
20070714,0000,73
20070715,0000,69
20070716,0000,68
20070717,0000,69
20070718,0000,71
20070719,0000,69
20070720,0000,66
20070721,0000,67
20070722,0000,68
20070723,0000,70
20070724,0000,71
20070725,0000,73
20070726,0000,78
20070727,0000,77
20070728,0000,75
20070729,0000,70
20070730,0000,69
20070731,0000,69
20070801,0000,71
20070802,0000,74
20070803,0000,73
20070804,0000,71
20070805,0000,70
20070806,0000,70
20070807,0000,69
20070808,0000,69
20070809,0000,70
20070810,0000,m
20070811,0000,m
20070812,0000,m
20070813,0000,m
20070814,0000,m
20070815,0000,m
20070816,0000,m
20070817,0000,m
20070818,0000,m
20070819,0000,m
20070820,0000,m
20070821,0000,m
20070822,0000,m
20070823,0000,70
20070824,0000,70
20070825,0000,73
20070826,0000,72
20070827,0000,77
20070828,0000,80
20070829,0000,82
20070830,0000,78
20070831,0000,84
20070901,0000,86
20070902,0000,m
20070903,0000,m
20070904,0000,m
20070905,0000,m
20070906,0000,m
20070907,0000,m
20070908,0000,m
20070909,0000,m
20070910,0000,m
20070911,0000,m
20070912,0000,m
20070913,0000,m
20070914,0000,m
20070915,0000,m
20070916,0000,m
20070917,0000,m
20070918,0000,m
20070919,0000,m
20070920,0000,61
20070921,0000,63
20070922,0000,60
20070923,0000,62
20070924,0000,65
20070925,0000,66
20070926,0000,72
20070927,0000,68
20070928,0000,62
20070929,0000,64
20070930,0000,70
20071001,0000,69
20071002,0000,71
20071003,0000,71
20071004,0000,64
20071005,0000,60
20071006,0000,m
20071007,0000,m
20071008,0000,m
20071009,0000,m
20071010,0000,m
20071011,0000,m
20071012,0000,m
20071013,0000,m
20071014,0000,m
20071015,0000,58
20071016,0000,59
20071017,0000,60
20071018,0000,65
20071019,0000,76
20071020,0000,64
20071021,0000,71
20071022,0000,78
20071023,0000,m
20071024,0000,m
20071025,0000,m
20071026,0000,m
20071027,0000,m
20071028,0000,m
20071029,0000,68
20071030,0000,60
20071031,0000,60
20071101,0000,58
20071102,0000,60
20071103,0000,62
20071104,0000,59
20071105,0000,58
20071106,0000,m
20071107,0000,m
20071108,0000,m
20071109,0000,m
20071110,0000,m
20071111,0000,m
20071112,0000,m
20071113,0000,m
20071114,0000,m
20071115,0000,m
20071116,0000,m
20071117,0000,m
20071118,0000,m
20071119,0000,m
20071120,0000,m
20071121,0000,m
20071122,0000,m
20071123,0000,m
20071124,0000,m
20071125,0000,m
20071126,0000,m
20071127,0000,m
20071128,0000,m
20071129,0000,65
20071130,0000,57
20071201,0000,50
20071202,0000,52
20071203,0000,62
20071204,0000,67
20071205,0000,65
20071206,0000,55
20071207,0000,52
20071208,0000,48
20071209,0000,52
20071210,0000,52
20071211,0000,52
20071212,0000,54
20071213,0000,52
20071214,0000,52
20071215,0000,56
20071216,0000,55
20071217,0000,51
20071218,0000,53
20071219,0000,53
20071220,0000,51
20071221,0000,54
20071222,0000,56
20071223,0000,65
20071224,0000,63
20071225,0000,59
20071226,0000,51
20071227,0000,49
20071228,0000,49
20071229,0000,49
20071230,0000,50
20071231,0000,60
20080101,0000,65
20080102,0000,64
20080103,0000,59
20080104,0000,55
20080105,0000,53
20080106,0000,51
20080107,0000,52
20080108,0000,51
20080109,0000,50
20080110,0000,52
20080111,0000,57
20080112,0000,62
20080113,0000,67
20080114,0000,64
20080115,0000,57
20080116,0000,53
20080117,0000,54
20080118,0000,53
20080119,0000,56
20080120,0000,51
20080121,0000,49
20080122,0000,51
20080123,0000,49
20080124,0000,47
20080125,0000,52
20080126,0000,58
20080127,0000,55
20080128,0000,50
20080129,0000,48
20080130,0000,50
20080131,0000,53
20080201,0000,48
20080202,0000,49
20080203,0000,48
20080204,0000,49
20080205,0000,51
20080206,0000,50
20080207,0000,56
20080208,0000,63
20080209,0000,68
20080210,0000,65
20080211,0000,64
20080212,0000,66
20080213,0000,54
20080214,0000,46
20080215,0000,55
20080216,0000,51
20080217,0000,51
20080218,0000,52
20080219,0000,52
20080220,0000,51
20080221,0000,52
20080222,0000,51
20080223,0000,51
20080224,0000,52
20080225,0000,57
20080226,0000,67
20080227,0000,67
20080228,0000,58
20080229,0000,52
20080301,0000,52
20080302,0000,58
20080303,0000,62
20080304,0000,57
20080305,0000,54
20080306,0000,59
20080307,0000,62
20080308,0000,59
20080309,0000,64
20080310,0000,67
20080311,0000,66
20080312,0000,62
20080313,0000,58
20080314,0000,56
20080315,0000,51
20080316,0000,49
20080317,0000,54
20080318,0000,57
20080319,0000,52
20080320,0000,55
20080321,0000,63
20080322,0000,69
20080323,0000,75
20080324,0000,69
20080325,0000,59
20080326,0000,57
20080327,0000,56
20080328,0000,56
20080329,0000,55
20080330,0000,52
20080331,0000,52
20080401,0000,51
20080402,0000,53
20080403,0000,55
20080404,0000,57
20080405,0000,55
20080406,0000,56
20080407,0000,56
20080408,0000,53
20080409,0000,54
20080410,0000,60
20080411,0000,72
20080412,0000,75
20080413,0000,m
20080414,0000,m
20080415,0000,m
20080416,0000,m
20080417,0000,m
20080418,0000,m
20080419,0000,m
20080420,0000,m
20080421,0000,m
20080422,0000,m
20080423,0000,m
20080424,0000,m
20080425,0000,m
20080426,0000,m
20080427,0000,m
20080428,0000,m
20080429,0000,m
20080430,0000,57
20080501,0000,61
20080502,0000,68
20080503,0000,64
20080504,0000,59
20080505,0000,56
20080506,0000,56
20080507,0000,56
20080508,0000,58
20080509,0000,57
20080510,0000,61
20080511,0000,61
20080512,0000,55
20080513,0000,62
20080514,0000,67
20080515,0000,72
20080516,0000,78
20080517,0000,83
20080518,0000,81
20080519,0000,76
20080520,0000,63
20080521,0000,63
20080522,0000,56
20080523,0000,51
20080524,0000,54
20080525,0000,56
20080526,0000,56
20080527,0000,59
20080528,0000,60
20080529,0000,63
20080530,0000,64
20080531,0000,62
20080601,0000,62
20080602,0000,62
20080603,0000,63
20080604,0000,58
20080605,0000,64
20080606,0000,69
20080607,0000,63
20080608,0000,64
20080609,0000,66
20080610,0000,63
20080611,0000,64
20080612,0000,65
20080613,0000,66
20080614,0000,69
20080615,0000,70
20080616,0000,70
20080617,0000,73
20080618,0000,75
20080619,0000,80
20080620,0000,87
20080621,0000,88
20080622,0000,83
20080623,0000,75
20080624,0000,68
20080625,0000,66
20080626,0000,66
20080627,0000,66
20080628,0000,68
20080629,0000,74
20080630,0000,77
20080701,0000,73
20080702,0000,70
20080703,0000,70
20080704,0000,74
20080705,0000,74
20080706,0000,68
20080707,0000,68
20080708,0000,70
20080709,0000,68
20080710,0000,70
20080711,0000,70
20080712,0000,71
20080713,0000,75
20080714,0000,73
20080715,0000,74
20080716,0000,73
20080717,0000,71
20080718,0000,69
20080719,0000,66
20080720,0000,66
20080721,0000,69
20080722,0000,68
20080723,0000,68
20080724,0000,69
20080725,0000,70
20080726,0000,71
20080727,0000,69
20080728,0000,70
20080729,0000,70
20080730,0000,69
20080731,0000,71
20080801,0000,71
20080802,0000,69
20080803,0000,72
20080804,0000,75
20080805,0000,74
20080806,0000,76
20080807,0000,77
20080808,0000,74
20080809,0000,74
20080810,0000,71
20080811,0000,69
20080812,0000,71
20080813,0000,71
20080814,0000,73
20080815,0000,73
20080816,0000,74
20080817,0000,73
20080818,0000,71
20080819,0000,67
20080820,0000,68
20080821,0000,67
20080822,0000,69
20080823,0000,70
20080824,0000,75
20080825,0000,74
20080826,0000,71
20080827,0000,71
20080828,0000,70
20080829,0000,72
20080830,0000,76
20080831,0000,73
20080901,0000,70
20080902,0000,73
20080903,0000,76
20080904,0000,78
20080905,0000,77
20080906,0000,75
20080907,0000,70
20080908,0000,68
20080909,0000,70
20080910,0000,68
20080911,0000,68
20080912,0000,66
20080913,0000,68
20080914,0000,71
20080915,0000,76
20080916,0000,71
20080917,0000,70
20080918,0000,74
20080919,0000,73
20080920,0000,65
20080921,0000,65
20080922,0000,67
20080923,0000,68
20080924,0000,77
20080925,0000,81
20080926,0000,76
20080927,0000,73
20080928,0000,72
20080929,0000,76
20080930,0000,86
20081001,0000,85
20081002,0000,76
20081003,0000,66
20081004,0000,62
20081005,0000,63
20081006,0000,74
20081007,0000,83
20081008,0000,83
20081009,0000,71
20081010,0000,64
20081011,0000,58
20081012,0000,63
20081013,0000,68
20081014,0000,74
20081015,0000,79
20081016,0000,76
20081017,0000,77
20081018,0000,69
20081019,0000,62
20081020,0000,61
20081021,0000,67
20081022,0000,82
20081023,0000,80
20081024,0000,75
20081025,0000,74
20081026,0000,73
20081027,0000,78
20081028,0000,82
20081029,0000,75
20081030,0000,73
20081031,0000,73
20081101,0000,75
20081102,0000,61
20081103,0000,59
20081104,0000,58
20081105,0000,59
20081106,0000,69
20081107,0000,76
20081108,0000,70
20081109,0000,57
20081110,0000,57
20081111,0000,60
20081112,0000,65
20081113,0000,70
20081114,0000,78
20081115,0000,80
20081116,0000,81
20081117,0000,77
20081118,0000,75
20081119,0000,70
20081120,0000,66
20081121,0000,72
20081122,0000,65
20081123,0000,55
20081124,0000,59
20081125,0000,63
20081126,0000,59
20081127,0000,57
20081128,0000,57
20081129,0000,59
20081130,0000,63
20081201,0000,63
20081202,0000,53
20081203,0000,56
20081204,0000,57
20081205,0000,62
20081206,0000,66
20081207,0000,58
20081208,0000,53
20081209,0000,58
20081210,0000,63
20081211,0000,64
20081212,0000,56
20081213,0000,53
20081214,0000,48
20081215,0000,49
20081216,0000,50
20081217,0000,44
20081218,0000,46
20081219,0000,46
20081220,0000,50
20081221,0000,54
20081222,0000,50
20081223,0000,50
20081224,0000,49
20081225,0000,50
20081226,0000,45
20081227,0000,49
20081228,0000,56
20081229,0000,63
20081230,0000,60
20081231,0000,57
20090101,0000,55
20090102,0000,45
20090103,0000,51
20090104,0000,52
20090105,0000,49
20090106,0000,52
20090107,0000,58
20090108,0000,56
20090109,0000,58
20090110,0000,65
20090111,0000,72
20090112,0000,76
20090113,0000,74
20090114,0000,73
20090115,0000,71
20090116,0000,71
20090117,0000,69
20090118,0000,72
20090119,0000,72
20090120,0000,71
20090121,0000,66
20090122,0000,63
20090123,0000,57
20090124,0000,56
20090125,0000,52
20090126,0000,50
20090127,0000,54
20090128,0000,59
20090129,0000,67
20090130,0000,70
20090131,0000,64
20090201,0000,60
20090202,0000,69
20090203,0000,68
20090204,0000,67
20090205,0000,57
20090206,0000,54
20090207,0000,50
20090208,0000,50
20090209,0000,46
20090210,0000,46
20090211,0000,49
20090212,0000,49
20090213,0000,46
20090214,0000,47
20090215,0000,50
20090216,0000,49
20090217,0000,48
20090218,0000,53
20090219,0000,62
20090220,0000,61
20090221,0000,61
20090222,0000,63
20090223,0000,63
20090224,0000,59
20090225,0000,53
20090226,0000,54
20090227,0000,55
20090228,0000,68
20090301,0000,71
20090302,0000,65
20090303,0000,58
20090304,0000,53
20090305,0000,52
20090306,0000,50
20090307,0000,53
20090308,0000,53
20090309,0000,53
20090310,0000,52
20090311,0000,51
20090312,0000,53
20090313,0000,54
20090314,0000,54
20090315,0000,53
20090316,0000,57
20090317,0000,66
20090318,0000,66
20090319,0000,58
20090320,0000,55
20090321,0000,54
20090322,0000,52
20090323,0000,52
20090324,0000,64
20090325,0000,62
20090326,0000,56
20090327,0000,62
20090328,0000,65
20090329,0000,55
20090330,0000,58
20090331,0000,57
20090401,0000,55
20090402,0000,54
20090403,0000,54
20090404,0000,56
20090405,0000,68
20090406,0000,70
20090407,0000,60
20090408,0000,56
20090409,0000,56
20090410,0000,53
20090411,0000,55
20090412,0000,59
20090413,0000,63
20090414,0000,56
20090415,0000,50
20090416,0000,54
20090417,0000,61
20090418,0000,69
20090419,0000,81
20090420,0000,86
20090421,0000,79
20090422,0000,61
20090423,0000,59
20090424,0000,57
20090425,0000,57
20090426,0000,56
20090427,0000,56
20090428,0000,57
20090429,0000,58
20090430,0000,59
20090501,0000,64
20090502,0000,62
20090503,0000,64
20090504,0000,62
20090505,0000,64
20090506,0000,68
20090507,0000,71
20090508,0000,66
20090509,0000,62
20090510,0000,62
20090511,0000,63
20090512,0000,62
20090513,0000,64
20090514,0000,63
20090515,0000,62
20090516,0000,64
20090517,0000,64
20090518,0000,67
20090519,0000,69
20090520,0000,67
20090521,0000,64
20090522,0000,61
20090523,0000,61
20090524,0000,61
20090525,0000,62
20090526,0000,63
20090527,0000,64
20090528,0000,63
20090529,0000,59
20090530,0000,61
20090531,0000,60
20090601,0000,62
20090602,0000,65
20090603,0000,61
20090604,0000,63
20090605,0000,62
20090606,0000,61
20090607,0000,63
20090608,0000,62
20090609,0000,62
20090610,0000,60
20090611,0000,62
20090612,0000,61
20090613,0000,62
20090614,0000,64
20090615,0000,64
20090616,0000,67
20090617,0000,66
20090618,0000,66
20090619,0000,66
20090620,0000,63
20090621,0000,66
20090622,0000,64
20090623,0000,64
20090624,0000,65
20090625,0000,67
20090626,0000,67
20090627,0000,69
20090628,0000,74
20090629,0000,69
20090630,0000,71
20090701,0000,72
20090702,0000,69
20090703,0000,70
20090704,0000,72
20090705,0000,70
20090706,0000,67
20090707,0000,66
20090708,0000,66
20090709,0000,67
20090710,0000,73
20090711,0000,77
20090712,0000,78
20090713,0000,76
20090714,0000,72
20090715,0000,70
20090716,0000,76
20090717,0000,76
20090718,0000,76
20090719,0000,76
20090720,0000,77
20090721,0000,77
20090722,0000,74
20090723,0000,72
20090724,0000,72
20090725,0000,72
20090726,0000,74
20090727,0000,75
20090728,0000,72
20090729,0000,70
20090730,0000,70
20090731,0000,71
20090801,0000,72
20090802,0000,75
20090803,0000,79
20090804,0000,83
20090805,0000,79
20090806,0000,72
20090807,0000,69
20090808,0000,69
20090809,0000,68
20090810,0000,69
20090811,0000,71
20090812,0000,68
20090813,0000,68
20090814,0000,69
20090815,0000,68
20090816,0000,67
20090817,0000,68
20090818,0000,67
20090819,0000,67
20090820,0000,68
20090821,0000,70
20090822,0000,76
20090823,0000,72
20090824,0000,76
20090825,0000,80
20090826,0000,84
20090827,0000,89
20090828,0000,86
20090829,0000,88
20090830,0000,84
20090831,0000,82
20090901,0000,79
20090902,0000,81
20090903,0000,85
20090904,0000,80
20090905,0000,76
20090906,0000,72
20090907,0000,69
20090908,0000,68
20090909,0000,71
20090910,0000,78
20090911,0000,75
20090912,0000,70
20090913,0000,68
20090914,0000,68
20090915,0000,68
20090916,0000,70
20090917,0000,72
20090918,0000,73
20090919,0000,74
20090920,0000,71
20090921,0000,70
20090922,0000,76
20090923,0000,86
20090924,0000,86
20090925,0000,84
20090926,0000,79
20090927,0000,72
20090928,0000,68
20090929,0000,66
20090930,0000,67
20091001,0000,76
20091002,0000,73
20091003,0000,67
20091004,0000,59
20091005,0000,59
20091006,0000,61
20091007,0000,62
20091008,0000,61
20091009,0000,63
20091010,0000,60
20091011,0000,61
20091012,0000,59
20091013,0000,61
20091014,0000,64
20091015,0000,68
20091016,0000,81
20091017,0000,77
20091018,0000,66
20091019,0000,64
20091020,0000,63
20091021,0000,69
20091022,0000,70
20091023,0000,74
20091024,0000,69
20091025,0000,69
20091026,0000,78
20091027,0000,64
20091028,0000,59
20091029,0000,61
20091030,0000,62
20091031,0000,70
20091101,0000,73
20091102,0000,72
20091103,0000,72
20091104,0000,63
20091105,0000,59
20091106,0000,60
20091107,0000,59
20091108,0000,59
20091109,0000,66
20091110,0000,72
20091111,0000,69
20091112,0000,62
20091113,0000,58
20091114,0000,56
20091115,0000,62
20091116,0000,65
20091117,0000,63
20091118,0000,57
20091119,0000,61
20091120,0000,59
20091121,0000,56
20091122,0000,57
20091123,0000,65
20091124,0000,68
20091125,0000,71
20091126,0000,72
20091127,0000,61
20091128,0000,53
20091129,0000,61
20091130,0000,67
20091201,0000,57
20091202,0000,56
20091203,0000,55
20091204,0000,57
20091205,0000,53
20091206,0000,51
20091207,0000,48
20091208,0000,45
20091209,0000,47
20091210,0000,51
20091211,0000,53
20091212,0000,56
20091213,0000,54
20091214,0000,52
20091215,0000,59
20091216,0000,61
20091217,0000,65
20091218,0000,67
20091219,0000,69
20091220,0000,63
20091221,0000,58
20091222,0000,51
20091223,0000,51
20091224,0000,54
20091225,0000,54
20091226,0000,49
20091227,0000,54
20091228,0000,59
20091229,0000,54
20091230,0000,50
20091231,0000,57
20100101,0000,60
20100102,0000,66
20100103,0000,68
20100104,0000,64
20100105,0000,64
20100106,0000,62
20100107,0000,61
20100108,0000,66
20100109,0000,66
20100110,0000,64
20100111,0000,67
20100112,0000,61
20100113,0000,52
20100114,0000,57
20100115,0000,64
20100116,0000,58
20100117,0000,54
20100118,0000,53
20100119,0000,51
20100120,0000,51
20100121,0000,52
20100122,0000,45
20100123,0000,48
20100124,0000,51
20100125,0000,53
20100126,0000,52
20100127,0000,55
20100128,0000,56
20100129,0000,55
20100130,0000,53
20100131,0000,52
20100201,0000,54
20100202,0000,55
20100203,0000,54
20100204,0000,54
20100205,0000,52
20100206,0000,54
20100207,0000,52
20100208,0000,52
20100209,0000,48
20100210,0000,49
20100211,0000,52
20100212,0000,55
20100213,0000,61
20100214,0000,67
20100215,0000,66
20100216,0000,68
20100217,0000,64
20100218,0000,57
20100219,0000,53
20100220,0000,53
20100221,0000,54
20100222,0000,55
20100223,0000,56
20100224,0000,55
20100225,0000,57
20100226,0000,61
20100227,0000,53
20100228,0000,53
20100301,0000,57
20100302,0000,56
20100303,0000,54
20100304,0000,51
20100305,0000,53
20100306,0000,51
20100307,0000,52
20100308,0000,54
20100309,0000,50
20100310,0000,49
20100311,0000,54
20100312,0000,57
20100313,0000,53
20100314,0000,56
20100315,0000,68
20100316,0000,73
20100317,0000,72
20100318,0000,61
20100319,0000,61
20100320,0000,64
20100321,0000,64
20100322,0000,58
20100323,0000,59
20100324,0000,59
20100325,0000,54
20100326,0000,58
20100327,0000,65
20100328,0000,70
20100329,0000,65
20100330,0000,56
20100331,0000,53
20100401,0000,50
20100402,0000,53
20100403,0000,55
20100404,0000,54
20100405,0000,53
20100406,0000,57
20100407,0000,69
20100408,0000,68
20100409,0000,59
20100410,0000,55
20100411,0000,55
20100412,0000,54
20100413,0000,53
20100414,0000,56
20100415,0000,57
20100416,0000,57
20100417,0000,60
20100418,0000,60
20100419,0000,62
20100420,0000,56
20100421,0000,49
20100422,0000,50
20100423,0000,55
20100424,0000,58
20100425,0000,57
20100426,0000,59
20100427,0000,58
20100428,0000,57
20100429,0000,54
20100430,0000,56
20100501,0000,59
20100502,0000,58
20100503,0000,68
20100504,0000,65
20100505,0000,60
20100506,0000,60
20100507,0000,64
20100508,0000,64
20100509,0000,56
20100510,0000,56
20100511,0000,56
20100512,0000,60
20100513,0000,61
20100514,0000,60
20100515,0000,61
20100516,0000,58
20100517,0000,55
20100518,0000,59
20100519,0000,62
20100520,0000,63
20100521,0000,60
20100522,0000,58
20100523,0000,55
20100524,0000,57
20100525,0000,58
20100526,0000,60
20100527,0000,61
20100528,0000,60
20100529,0000,64
20100530,0000,65
20100531,0000,62
20100601,0000,60
20100602,0000,63
20100603,0000,63
20100604,0000,64
20100605,0000,65
20100606,0000,67
20100607,0000,66
20100608,0000,64
20100609,0000,64
20100610,0000,63
20100611,0000,60
20100612,0000,59
20100613,0000,64
20100614,0000,70
20100615,0000,65
20100616,0000,62
20100617,0000,63
20100618,0000,63
20100619,0000,65
20100620,0000,65
20100621,0000,62
20100622,0000,63
20100623,0000,65
20100624,0000,64
20100625,0000,64
20100626,0000,64
20100627,0000,64
20100628,0000,61
20100629,0000,63
20100630,0000,68
20100701,0000,66
20100702,0000,65
20100703,0000,63
20100704,0000,63
20100705,0000,63
20100706,0000,60
20100707,0000,61
20100708,0000,62
20100709,0000,64
20100710,0000,65
20100711,0000,65
20100712,0000,71
20100713,0000,77
20100714,0000,80
20100715,0000,79
20100716,0000,81
20100717,0000,76
20100718,0000,70
20100719,0000,68
20100720,0000,67
20100721,0000,65
20100722,0000,64
20100723,0000,66
20100724,0000,67
20100725,0000,65
20100726,0000,64
20100727,0000,63
20100728,0000,66
20100729,0000,66
20100730,0000,65
20100731,0000,65
20100801,0000,68
20100802,0000,67
20100803,0000,69
20100804,0000,65
20100805,0000,64
20100806,0000,65
20100807,0000,64
20100808,0000,64
20100809,0000,65
20100810,0000,64
20100811,0000,65
20100812,0000,64
20100813,0000,66
20100814,0000,66
20100815,0000,67
20100816,0000,69
20100817,0000,78
20100818,0000,82
20100819,0000,78
20100820,0000,76
20100821,0000,75
20100822,0000,76
20100823,0000,78
20100824,0000,80
20100825,0000,82
20100826,0000,78
20100827,0000,68
20100828,0000,64
20100829,0000,64
20100830,0000,63
20100831,0000,67
20100901,0000,69
20100902,0000,70
20100903,0000,77
20100904,0000,79
20100905,0000,66
20100906,0000,64
20100907,0000,63
20100908,0000,62
20100909,0000,64
20100910,0000,64
20100911,0000,65
20100912,0000,67
20100913,0000,70
20100914,0000,70
20100915,0000,68
20100916,0000,65
20100917,0000,63
20100918,0000,64
20100919,0000,66
20100920,0000,64
20100921,0000,61
20100922,0000,62
20100923,0000,65
20100924,0000,72
20100925,0000,82
20100926,0000,88
20100927,0000,94
20100928,0000,80
20100929,0000,76
20100930,0000,74
20101001,0000,71
20101002,0000,72
20101003,0000,66
20101004,0000,59
20101005,0000,56
20101006,0000,58
20101007,0000,61
20101008,0000,65
20101009,0000,71
20101010,0000,77
20101011,0000,68
20101012,0000,64
20101013,0000,67
20101014,0000,63
20101015,0000,61
20101016,0000,60
20101017,0000,59
20101018,0000,59
20101019,0000,59
20101020,0000,58
20101021,0000,59
20101022,0000,59
20101023,0000,59
20101024,0000,62
20101025,0000,61
20101026,0000,59
20101027,0000,67
20101028,0000,71
20101029,0000,66
20101030,0000,58
20101031,0000,58
20101101,0000,71
20101102,0000,80
20101103,0000,84
20101104,0000,84
20101105,0000,75
20101106,0000,63
20101107,0000,59
20101108,0000,56
20101109,0000,56
20101110,0000,55
20101111,0000,61
20101112,0000,64
20101113,0000,68
20101114,0000,65
20101115,0000,63
20101116,0000,58
20101117,0000,59
20101118,0000,59
20101119,0000,55
20101120,0000,54
20101121,0000,50
20101122,0000,50
20101123,0000,50
20101124,0000,48
20101125,0000,52
20101126,0000,54
20101127,0000,51
20101128,0000,48
20101129,0000,52
20101130,0000,57
20101201,0000,60
20101202,0000,60
20101203,0000,58
20101204,0000,54
20101205,0000,56
20101206,0000,56
20101207,0000,62
20101208,0000,61
20101209,0000,59
20101210,0000,56
20101211,0000,66
20101212,0000,75
20101213,0000,67
20101214,0000,52
20101215,0000,53
20101216,0000,52
20101217,0000,52
20101218,0000,56
20101219,0000,55
20101220,0000,56
20101221,0000,56
20101222,0000,56
20101223,0000,54
20101224,0000,56
20101225,0000,52
20101226,0000,51
20101227,0000,54
20101228,0000,56
20101229,0000,50
20101230,0000,43
20101231,0000,44
20110101,0000,48
20110102,0000,48
20110103,0000,49
20110104,0000,53
20110105,0000,58
20110106,0000,57
20110107,0000,52
20110108,0000,50
20110109,0000,51
20110110,0000,52
20110111,0000,58
20110112,0000,60
20110113,0000,63
20110114,0000,67
20110115,0000,69
20110116,0000,69
20110117,0000,70
20110118,0000,68
20110119,0000,57
20110120,0000,63
20110121,0000,63
20110122,0000,58
20110123,0000,65
20110124,0000,61
20110125,0000,62
20110126,0000,65
20110127,0000,65
20110128,0000,61
20110129,0000,55
20110130,0000,52
20110131,0000,51
20110201,0000,51
20110202,0000,51
20110203,0000,49
20110204,0000,51
20110205,0000,55
20110206,0000,60
20110207,0000,64
20110208,0000,53
20110209,0000,59
20110210,0000,59
20110211,0000,63
20110212,0000,67
20110213,0000,60
20110214,0000,54
20110215,0000,56
20110216,0000,53
20110217,0000,49
20110218,0000,51
20110219,0000,48
20110220,0000,46
20110221,0000,47
20110222,0000,50
20110223,0000,49
20110224,0000,50
20110225,0000,50
20110226,0000,46
20110227,0000,45
20110228,0000,53
20110301,0000,52
20110302,0000,55
20110303,0000,57
20110304,0000,60
20110305,0000,67
20110306,0000,56
20110307,0000,51
20110308,0000,57
20110309,0000,66
20110310,0000,65
20110311,0000,57
20110312,0000,56
20110313,0000,56
20110314,0000,60
20110315,0000,60
20110316,0000,59
20110317,0000,58
20110318,0000,54
20110319,0000,53
20110320,0000,52
20110321,0000,49
20110322,0000,51
20110323,0000,50
20110324,0000,50
20110325,0000,52
20110326,0000,51
20110327,0000,53
20110328,0000,54
20110329,0000,57
20110330,0000,65
20110331,0000,74
20110401,0000,71
20110402,0000,58
20110403,0000,59
20110404,0000,64
20110405,0000,58
20110406,0000,58
20110407,0000,54
20110408,0000,47
20110409,0000,47
20110410,0000,54
20110411,0000,58
20110412,0000,57
20110413,0000,55
20110414,0000,60
20110415,0000,69
20110416,0000,73
20110417,0000,63
20110418,0000,58
20110419,0000,59
20110420,0000,60
20110421,0000,57
20110422,0000,58
20110423,0000,58
20110424,0000,56
20110425,0000,60
20110426,0000,62
20110427,0000,68
20110428,0000,64
20110429,0000,59
20110430,0000,66
20110501,0000,70
20110502,0000,73
20110503,0000,78
20110504,0000,72
20110505,0000,67
20110506,0000,60
20110507,0000,59
20110508,0000,57
20110509,0000,55
20110510,0000,57
20110511,0000,59
20110512,0000,62
20110513,0000,61
20110514,0000,58
20110515,0000,55
20110516,0000,54
20110517,0000,55
20110518,0000,55
20110519,0000,57
20110520,0000,59
20110521,0000,59
20110522,0000,60
20110523,0000,57
20110524,0000,58
20110525,0000,62
20110526,0000,61
20110527,0000,63
20110528,0000,61
20110529,0000,56
20110530,0000,62
20110531,0000,63
20110601,0000,59
20110602,0000,60
20110603,0000,61
20110604,0000,58
20110605,0000,61
20110606,0000,61
20110607,0000,61
20110608,0000,60
20110609,0000,61
20110610,0000,61
20110611,0000,60
20110612,0000,61
20110613,0000,63
20110614,0000,64
20110615,0000,63
20110616,0000,62
20110617,0000,62
20110618,0000,64
20110619,0000,60
20110620,0000,64
20110621,0000,66
20110622,0000,66
20110623,0000,64
20110624,0000,64
20110625,0000,64
20110626,0000,66
20110627,0000,67
20110628,0000,64
20110629,0000,67
20110630,0000,70
20110701,0000,73
20110702,0000,72
20110703,0000,68
20110704,0000,74
20110705,0000,76
20110706,0000,78
20110707,0000,79
20110708,0000,72
20110709,0000,69
20110710,0000,67
20110711,0000,66
20110712,0000,66
20110713,0000,66
20110714,0000,64
20110715,0000,66
20110716,0000,67
20110717,0000,68
20110718,0000,71
20110719,0000,72
20110720,0000,66
20110721,0000,67
20110722,0000,66
20110723,0000,66
20110724,0000,70
20110725,0000,74
20110726,0000,69
20110727,0000,66
20110728,0000,68
20110729,0000,69
20110730,0000,71
20110731,0000,70
20110801,0000,77
20110802,0000,80
20110803,0000,75
20110804,0000,69
20110805,0000,65
20110806,0000,68
20110807,0000,66
20110808,0000,65
20110809,0000,64
20110810,0000,64
20110811,0000,66
20110812,0000,66
20110813,0000,67
20110814,0000,70
20110815,0000,68
20110816,0000,70
20110817,0000,69
20110818,0000,67
20110819,0000,65
20110820,0000,65
20110821,0000,65
20110822,0000,72
20110823,0000,75
20110824,0000,73
20110825,0000,78
20110826,0000,78
20110827,0000,78
20110828,0000,78
20110829,0000,72
20110830,0000,68
20110831,0000,67
20110901,0000,68
20110902,0000,67
20110903,0000,69
20110904,0000,70
20110905,0000,73
20110906,0000,86
20110907,0000,87
20110908,0000,81
20110909,0000,65
20110910,0000,63
20110911,0000,66
20110912,0000,69
20110913,0000,67
20110914,0000,65
20110915,0000,65
20110916,0000,63
20110917,0000,62
20110918,0000,66
20110919,0000,66
20110920,0000,64
20110921,0000,64
20110922,0000,65
20110923,0000,65
20110924,0000,64
20110925,0000,63
20110926,0000,64
20110927,0000,68
20110928,0000,64
20110929,0000,65
20110930,0000,69
20111001,0000,74
20111002,0000,75
20111003,0000,66
20111004,0000,59
20111005,0000,57
20111006,0000,57
20111007,0000,60
20111008,0000,65
20111009,0000,70
20111010,0000,68
20111011,0000,70
20111012,0000,85
20111013,0000,83
20111014,0000,70
20111015,0000,63
20111016,0000,65
20111017,0000,67
20111018,0000,62
20111019,0000,59
20111020,0000,60
20111021,0000,62
20111022,0000,66
20111023,0000,60
20111024,0000,60
20111025,0000,59
20111026,0000,60
20111027,0000,63
20111028,0000,67
20111029,0000,68
20111030,0000,70
20111031,0000,67
20111101,0000,56
20111102,0000,68
20111103,0000,63
20111104,0000,52
20111105,0000,50
20111106,0000,51
20111107,0000,52
20111108,0000,m
20111109,0000,m
20111110,0000,m
20111111,0000,m
20111112,0000,m
20111113,0000,m
20111114,0000,m
20111115,0000,m
20111116,0000,61
20111117,0000,59
20111118,0000,53
20111119,0000,53
20111120,0000,52
20111121,0000,52
20111122,0000,57
20111123,0000,56
20111124,0000,54
20111125,0000,55
20111126,0000,69
20111127,0000,73
20111128,0000,69
20111129,0000,68
20111130,0000,59
20111201,0000,58
20111202,0000,55
20111203,0000,53
20111204,0000,52
20111205,0000,53
20111206,0000,54
20111207,0000,56
20111208,0000,54
20111209,0000,59
20111210,0000,57
20111211,0000,51
20111212,0000,49
20111213,0000,50
20111214,0000,51
20111215,0000,50
20111216,0000,56
20111217,0000,57
20111218,0000,52
20111219,0000,52
20111220,0000,55
20111221,0000,52
20111222,0000,54
20111223,0000,59
20111224,0000,61
20111225,0000,63
20111226,0000,60
20111227,0000,58
20111228,0000,65
20111229,0000,62
20111230,0000,60
20111231,0000,63
20120101,0000,72
20120102,0000,69
20120103,0000,70
20120104,0000,74
20120105,0000,71
20120106,0000,61
20120107,0000,50
20120108,0000,63
20120109,0000,63
20120110,0000,59
20120111,0000,58
20120112,0000,64
20120113,0000,65
20120114,0000,59
20120115,0000,55
20120116,0000,48
20120117,0000,49
20120118,0000,52
20120119,0000,52
20120120,0000,53
20120121,0000,51
20120122,0000,51
20120123,0000,50
20120124,0000,54
20120125,0000,66
20120126,0000,67
20120127,0000,65
20120128,0000,69
20120129,0000,67
20120130,0000,58
20120131,0000,53
20120201,0000,54
20120202,0000,54
20120203,0000,62
20120204,0000,62
20120205,0000,63
20120206,0000,62
20120207,0000,56
20120208,0000,63
20120209,0000,68
20120210,0000,59
20120211,0000,54
20120212,0000,53
20120213,0000,51
20120214,0000,49
20120215,0000,47
20120216,0000,58
20120217,0000,59
20120218,0000,52
20120219,0000,51
20120220,0000,51
20120221,0000,59
20120222,0000,66
20120223,0000,62
20120224,0000,54
20120225,0000,55
20120226,0000,53
20120227,0000,47
20120228,0000,46
20120229,0000,49
20120301,0000,51
20120302,0000,58
20120303,0000,66
20120304,0000,74
20120305,0000,66
20120306,0000,50
20120307,0000,50
20120308,0000,62
20120309,0000,70
20120310,0000,60
20120311,0000,52
20120312,0000,53
20120313,0000,54
20120314,0000,54
20120315,0000,54
20120316,0000,54
20120317,0000,49
20120318,0000,46
20120319,0000,49
20120320,0000,55
20120321,0000,59
20120322,0000,m
20120323,0000,53
20120324,0000,54
20120325,0000,49
20120326,0000,53
20120327,0000,54
20120328,0000,55
20120329,0000,56
20120330,0000,55
20120331,0000,53
20120401,0000,54
20120402,0000,59
20120403,0000,63
20120404,0000,60
20120405,0000,54
20120406,0000,58
20120407,0000,69
20120408,0000,66
20120409,0000,62
20120410,0000,55
20120411,0000,54
20120412,0000,53
20120413,0000,49
20120414,0000,51
20120415,0000,54
20120416,0000,65
20120417,0000,68
20120418,0000,62
20120419,0000,59
20120420,0000,61
20120421,0000,61
20120422,0000,57
20120423,0000,56
20120424,0000,60
20120425,0000,63
20120426,0000,59
20120427,0000,59
20120428,0000,62
20120429,0000,59
20120430,0000,58
20120501,0000,56
20120502,0000,57
20120503,0000,57
20120504,0000,59
20120505,0000,60
20120506,0000,58
20120507,0000,60
20120508,0000,64
20120509,0000,64
20120510,0000,61
20120511,0000,61
20120512,0000,63
20120513,0000,63
20120514,0000,63
20120515,0000,62
20120516,0000,66
20120517,0000,62
20120518,0000,61
20120519,0000,63
20120520,0000,64
20120521,0000,64
20120522,0000,64
20120523,0000,62
20120524,0000,60
20120525,0000,56
20120526,0000,57
20120527,0000,61
20120528,0000,64
20120529,0000,64
20120530,0000,63
20120531,0000,65
20120601,0000,63
20120602,0000,62
20120603,0000,62
20120604,0000,62
20120605,0000,63
20120606,0000,64
20120607,0000,65
20120608,0000,63
20120609,0000,61
20120610,0000,61
20120611,0000,63
20120612,0000,65
20120613,0000,61
20120614,0000,62
20120615,0000,60
20120616,0000,65
20120617,0000,69
20120618,0000,67
20120619,0000,64
20120620,0000,63
20120621,0000,64
20120622,0000,65
20120623,0000,66
20120624,0000,66
20120625,0000,66
20120626,0000,68
20120627,0000,68
20120628,0000,67
20120629,0000,70
20120630,0000,66
20120701,0000,66
20120702,0000,65
20120703,0000,64
20120704,0000,62
20120705,0000,63
20120706,0000,67
20120707,0000,67
20120708,0000,70
20120709,0000,71
20120710,0000,72
20120711,0000,70
20120712,0000,70
20120713,0000,72
20120714,0000,67
20120715,0000,65
20120716,0000,64
20120717,0000,65
20120718,0000,74
20120719,0000,75
20120720,0000,75
20120721,0000,70
20120722,0000,69
20120723,0000,68
20120724,0000,67
20120725,0000,66
20120726,0000,67
20120727,0000,66
20120728,0000,68
20120729,0000,66
20120730,0000,67
20120731,0000,69
20120801,0000,70
20120802,0000,68
20120803,0000,67
20120804,0000,67
20120805,0000,71
20120806,0000,73
20120807,0000,76
20120808,0000,77
20120809,0000,78
20120810,0000,78
20120811,0000,78
20120812,0000,80
20120813,0000,79
20120814,0000,78
20120815,0000,75
20120816,0000,81
20120817,0000,81
20120818,0000,79
20120819,0000,77
20120820,0000,75
20120821,0000,71
20120822,0000,71
20120823,0000,71
20120824,0000,69
20120825,0000,68
20120826,0000,71
20120827,0000,77
20120828,0000,81
20120829,0000,76
20120830,0000,77
20120831,0000,77
20120901,0000,77
20120902,0000,76
20120903,0000,75
20120904,0000,78
20120905,0000,77
20120906,0000,76
20120907,0000,75
20120908,0000,75
20120909,0000,77
20120910,0000,76
20120911,0000,69
20120912,0000,73
20120913,0000,76
20120914,0000,89
20120915,0000,90
20120916,0000,74
20120917,0000,70
20120918,0000,71
20120919,0000,74
20120920,0000,76
20120921,0000,75
20120922,0000,78
20120923,0000,82
20120924,0000,74
20120925,0000,65
20120926,0000,67
20120927,0000,70
20120928,0000,73
20120929,0000,78
20120930,0000,83
20121001,0000,87
20121002,0000,82
20121003,0000,73
20121004,0000,66
20121005,0000,65
20121006,0000,67
20121007,0000,68
20121008,0000,66
20121009,0000,66
20121010,0000,64
20121011,0000,58
20121012,0000,60
20121013,0000,65
20121014,0000,76
20121015,0000,78
20121016,0000,78
20121017,0000,84
20121018,0000,70
20121019,0000,67
20121020,0000,62
20121021,0000,63
20121022,0000,62
20121023,0000,59
20121024,0000,60
20121025,0000,65
20121026,0000,76
20121027,0000,76
20121028,0000,72
20121029,0000,70
20121030,0000,66
20121031,0000,58
20121101,0000,59
20121102,0000,60
20121103,0000,66
20121104,0000,77
20121105,0000,79
20121106,0000,69
20121107,0000,59
20121108,0000,59
20121109,0000,54
20121110,0000,51
20121111,0000,55
20121112,0000,62
20121113,0000,68
20121114,0000,65
20121115,0000,61
20121116,0000,62
20121117,0000,61
20121118,0000,60
20121119,0000,59
20121120,0000,60
20121121,0000,57
20121122,0000,59
20121123,0000,64
20121124,0000,70
20121125,0000,57
20121126,0000,55
20121127,0000,57
20121128,0000,58
20121129,0000,59
20121130,0000,61
20121201,0000,61
20121202,0000,59
20121203,0000,59
20121204,0000,59
20121205,0000,56
20121206,0000,58
20121207,0000,56
20121208,0000,55
20121209,0000,56
20121210,0000,61
20121211,0000,58
20121212,0000,55
20121213,0000,52
20121214,0000,49
20121215,0000,50
20121216,0000,52
20121217,0000,56
20121218,0000,51
20121219,0000,48
20121220,0000,55
20121221,0000,52
20121222,0000,51
20121223,0000,53
20121224,0000,54
20121225,0000,53
20121226,0000,51
20121227,0000,49
20121228,0000,52
20121229,0000,47
20121230,0000,45
20121231,0000,47
20130101,0000,51
20130102,0000,55
20130103,0000,56
20130104,0000,54
20130105,0000,52
20130106,0000,48
20130107,0000,53
20130108,0000,57
20130109,0000,57
20130110,0000,49
20130111,0000,42
20130112,0000,44
20130113,0000,45
20130114,0000,47
20130115,0000,47
20130116,0000,58
20130117,0000,68
20130118,0000,68
20130119,0000,68
20130120,0000,68
20130121,0000,70
20130122,0000,68
20130123,0000,68
20130124,0000,59
20130125,0000,59
20130126,0000,57
20130127,0000,51
20130128,0000,48
20130129,0000,49
20130130,0000,56
20130131,0000,63
20130201,0000,64
20130202,0000,65
20130203,0000,62
20130204,0000,56
20130205,0000,49
20130206,0000,53
20130207,0000,52
20130208,0000,45
20130209,0000,45
20130210,0000,45
20130211,0000,49
20130212,0000,50
20130213,0000,53
20130214,0000,60
20130215,0000,69
20130216,0000,70
20130217,0000,54
20130218,0000,52
20130219,0000,47
20130220,0000,47
20130221,0000,48
20130222,0000,51
20130223,0000,52
20130224,0000,56
20130225,0000,55
20130226,0000,57
20130227,0000,63
20130228,0000,66
20130301,0000,72
20130302,0000,71
20130303,0000,59
20130304,0000,56
20130305,0000,52
20130306,0000,53
20130307,0000,51
20130308,0000,49
20130309,0000,51
20130310,0000,58
20130311,0000,61
20130312,0000,66
20130313,0000,67
20130314,0000,66
20130315,0000,57
20130316,0000,53
20130317,0000,56
20130318,0000,56
20130319,0000,57
20130320,0000,59
20130321,0000,58
20130322,0000,57
20130323,0000,56
20130324,0000,59
20130325,0000,59
20130326,0000,56
20130327,0000,57
20130328,0000,60
20130329,0000,58
20130330,0000,59
20130331,0000,58
20130401,0000,58
20130402,0000,58
20130403,0000,59
20130404,0000,61
20130405,0000,58
20130406,0000,59
20130407,0000,58
20130408,0000,55
20130409,0000,59
20130410,0000,65
20130411,0000,61
20130412,0000,59
20130413,0000,55
20130414,0000,55
20130415,0000,55
20130416,0000,53
20130417,0000,59
20130418,0000,66
20130419,0000,70
20130420,0000,67
20130421,0000,63
20130422,0000,59
20130423,0000,59
20130424,0000,56
20130425,0000,60
20130426,0000,64
20130427,0000,62
20130428,0000,60
20130429,0000,60
20130430,0000,59
20130501,0000,63
20130502,0000,74
20130503,0000,78
20130504,0000,61
20130505,0000,59
20130506,0000,58
20130507,0000,59
20130508,0000,60
20130509,0000,60
20130510,0000,65
20130511,0000,67
20130512,0000,77
20130513,0000,85
20130514,0000,67
20130515,0000,63
20130516,0000,63
20130517,0000,63
20130518,0000,63
20130519,0000,63
20130520,0000,65
20130521,0000,65
20130522,0000,63
20130523,0000,62
20130524,0000,61
20130525,0000,60
20130526,0000,61
20130527,0000,62
20130528,0000,64
20130529,0000,65
20130530,0000,65
20130531,0000,65
20130601,0000,66
20130602,0000,63
20130603,0000,64
20130604,0000,64
20130605,0000,65
20130606,0000,64
20130607,0000,63
20130608,0000,63
20130609,0000,63
20130610,0000,65
20130611,0000,68
20130612,0000,64
20130613,0000,66
20130614,0000,63
20130615,0000,63
20130616,0000,65
20130617,0000,65
20130618,0000,63
20130619,0000,67
20130620,0000,67
20130621,0000,67
20130622,0000,65
20130623,0000,63
20130624,0000,64
20130625,0000,69
20130626,0000,71
20130627,0000,73
20130628,0000,75
20130629,0000,78
20130630,0000,76
20130701,0000,74
20130702,0000,70
20130703,0000,70
20130704,0000,69
20130705,0000,68
20130706,0000,69
20130707,0000,71
20130708,0000,75
20130709,0000,73
20130710,0000,71
20130711,0000,68
20130712,0000,71
20130713,0000,70
20130714,0000,71
20130715,0000,73
20130716,0000,70
20130717,0000,74
20130718,0000,70
20130719,0000,67
20130720,0000,66
20130721,0000,66
20130722,0000,70
20130723,0000,70
20130724,0000,71
20130725,0000,69
20130726,0000,69
20130727,0000,67
20130728,0000,65
20130729,0000,67
20130730,0000,66
20130731,0000,64
20130801,0000,67
20130802,0000,66
20130803,0000,65
20130804,0000,67
20130805,0000,65
20130806,0000,66
20130807,0000,66
20130808,0000,66
20130809,0000,63
20130810,0000,64
20130811,0000,65
20130812,0000,66
20130813,0000,65
20130814,0000,66
20130815,0000,68
20130816,0000,71
20130817,0000,71
20130818,0000,67
20130819,0000,68
20130820,0000,72
20130821,0000,75
20130822,0000,77
20130823,0000,74
20130824,0000,68
20130825,0000,72
20130826,0000,80
20130827,0000,76
20130828,0000,80
20130829,0000,83
20130830,0000,85
20130831,0000,80
20130901,0000,79
20130902,0000,77
20130903,0000,82
20130904,0000,84
20130905,0000,83
20130906,0000,83
20130907,0000,81
20130908,0000,76
20130909,0000,69
20130910,0000,66
20130911,0000,67
20130912,0000,71
20130913,0000,72
20130914,0000,74
20130915,0000,75
20130916,0000,73
20130917,0000,65
20130918,0000,65
20130919,0000,66
20130920,0000,65
20130921,0000,66
20130922,0000,65
20130923,0000,74
20130924,0000,73
20130925,0000,66
20130926,0000,64
20130927,0000,68
20130928,0000,74
20130929,0000,73
20130930,0000,71
20131001,0000,66
20131002,0000,64
20131003,0000,64
20131004,0000,72
20131005,0000,79
20131006,0000,79
20131007,0000,70
20131008,0000,61
20131009,0000,55
20131010,0000,57
20131011,0000,62
20131012,0000,62
20131013,0000,60
20131014,0000,67
20131015,0000,73
20131016,0000,74
20131017,0000,69
20131018,0000,70
20131019,0000,72
20131020,0000,63
20131021,0000,59
20131022,0000,60
20131023,0000,60
20131024,0000,61
20131025,0000,62
20131026,0000,65
20131027,0000,60
20131028,0000,57
20131029,0000,56
20131030,0000,m
20131031,0000,m
20131101,0000,m
20131102,0000,m
20131103,0000,60
20131104,0000,57
20131105,0000,63
20131106,0000,70
20131107,0000,74
20131108,0000,66
20131109,0000,63
20131110,0000,66
20131111,0000,65
20131112,0000,71
20131113,0000,79
20131114,0000,75
20131115,0000,58
20131116,0000,57
20131117,0000,58
20131118,0000,58
20131119,0000,57
20131120,0000,58
20131121,0000,56
20131122,0000,53
20131123,0000,56
20131124,0000,56
20131125,0000,59
20131126,0000,66
20131127,0000,64
20131128,0000,60
20131129,0000,57
20131130,0000,62
20131201,0000,68
20131202,0000,64
20131203,0000,56
20131204,0000,51
20131205,0000,50
20131206,0000,49
20131207,0000,48
20131208,0000,46
20131209,0000,51
20131210,0000,56
20131211,0000,59
20131212,0000,55
20131213,0000,53
20131214,0000,62
20131215,0000,72
20131216,0000,73
20131217,0000,69
20131218,0000,60
20131219,0000,49
20131220,0000,50
20131221,0000,51
20131222,0000,57
20131223,0000,66
20131224,0000,68
20131225,0000,72
20131226,0000,70
20131227,0000,69
20131228,0000,62
20131229,0000,65
20131230,0000,62
20131231,0000,59
20140101,0000,61
20140102,0000,67
20140103,0000,62
20140104,0000,57
20140105,0000,65
20140106,0000,67
20140107,0000,61
20140108,0000,56
20140109,0000,54
20140110,0000,58
20140111,0000,61
20140112,0000,58
20140113,0000,70
20140114,0000,74
20140115,0000,77
20140116,0000,75
20140117,0000,74
20140118,0000,69
20140119,0000,67
20140120,0000,67
20140121,0000,69
20140122,0000,61
20140123,0000,56
20140124,0000,63
20140125,0000,64
20140126,0000,60
20140127,0000,58
20140128,0000,57
20140129,0000,59
20140130,0000,55
20140131,0000,53
20140201,0000,52
20140202,0000,52
20140203,0000,51
20140204,0000,52
20140205,0000,52
20140206,0000,52
20140207,0000,54
20140208,0000,55
20140209,0000,56
20140210,0000,57
20140211,0000,61
20140212,0000,68
20140213,0000,69
20140214,0000,69
20140215,0000,69
20140216,0000,62
20140217,0000,59
20140218,0000,56
20140219,0000,54
20140220,0000,65
20140221,0000,65
20140222,0000,62
20140223,0000,61
20140224,0000,59
20140225,0000,57
20140226,0000,58
20140227,0000,59
20140228,0000,56
20140301,0000,54
20140302,0000,54
20140303,0000,57
20140304,0000,56
20140305,0000,61
20140306,0000,60
20140307,0000,62
20140308,0000,71
20140309,0000,73
20140310,0000,66
20140311,0000,62
20140312,0000,60
20140313,0000,57
20140314,0000,59
20140315,0000,66
20140316,0000,76
20140317,0000,63
20140318,0000,59
20140319,0000,61
20140320,0000,60
20140321,0000,58
20140322,0000,57
20140323,0000,58
20140324,0000,58
20140325,0000,57
20140326,0000,56
20140327,0000,56
20140328,0000,58
20140329,0000,62
20140330,0000,59
20140331,0000,55
20140401,0000,54
20140402,0000,52
20140403,0000,55
20140404,0000,54
20140405,0000,56
20140406,0000,65
20140407,0000,73
20140408,0000,77
20140409,0000,75
20140410,0000,70
20140411,0000,65
20140412,0000,58
20140413,0000,58
20140414,0000,67
20140415,0000,62
20140416,0000,59
20140417,0000,59
20140418,0000,60
20140419,0000,62
20140420,0000,63
20140421,0000,63
20140422,0000,60
20140423,0000,60
20140424,0000,63
20140425,0000,59
20140426,0000,56
20140427,0000,59
20140428,0000,65
20140429,0000,79
20140430,0000,80
20140501,0000,80
20140502,0000,80
20140503,0000,76
20140504,0000,67
20140505,0000,61
20140506,0000,57
20140507,0000,59
20140508,0000,60
20140509,0000,61
20140510,0000,60
20140511,0000,66
20140512,0000,78
20140513,0000,82
20140514,0000,86
20140515,0000,88
20140516,0000,81
20140517,0000,68
20140518,0000,65
20140519,0000,64
20140520,0000,61
20140521,0000,61
20140522,0000,61
20140523,0000,64
20140524,0000,61
20140525,0000,66
20140526,0000,68
20140527,0000,68
20140528,0000,66
20140529,0000,66
20140530,0000,67
20140531,0000,67
20140601,0000,68
20140602,0000,66
20140603,0000,69
20140604,0000,68
20140605,0000,66
20140606,0000,64
20140607,0000,65
20140608,0000,67
20140609,0000,66
20140610,0000,64
20140611,0000,66
20140612,0000,67
20140613,0000,m
20140614,0000,66
20140615,0000,66
20140616,0000,66
20140617,0000,64
20140618,0000,63
20140619,0000,66
20140620,0000,67
20140621,0000,67
20140622,0000,66
20140623,0000,66
20140624,0000,66
20140625,0000,67
20140626,0000,68
20140627,0000,67
20140628,0000,67
20140629,0000,68
20140630,0000,68
20140701,0000,69
20140702,0000,69
20140703,0000,71
20140704,0000,72
20140705,0000,76
20140706,0000,77
20140707,0000,73
20140708,0000,70
20140709,0000,71
20140710,0000,72
20140711,0000,71
20140712,0000,70
20140713,0000,71
20140714,0000,69
20140715,0000,67
20140716,0000,70
20140717,0000,69
20140718,0000,68
20140719,0000,67
20140720,0000,70
20140721,0000,71
20140722,0000,74
20140723,0000,78
20140724,0000,80
20140725,0000,73
20140726,0000,73
20140727,0000,75
20140728,0000,79
20140729,0000,77
20140730,0000,76
20140731,0000,75
20140801,0000,72
20140802,0000,71
20140803,0000,74
20140804,0000,74
20140805,0000,70
20140806,0000,68
20140807,0000,68
20140808,0000,70
20140809,0000,71
20140810,0000,72
20140811,0000,72
20140812,0000,71
20140813,0000,70
20140814,0000,72
20140815,0000,77
20140816,0000,79
20140817,0000,77
20140818,0000,71
20140819,0000,69
20140820,0000,69
20140821,0000,71
20140822,0000,71
20140823,0000,69
20140824,0000,69
20140825,0000,72
20140826,0000,74
20140827,0000,80
20140828,0000,83
20140829,0000,74
20140830,0000,72
20140831,0000,72
20140901,0000,71
20140902,0000,71
20140903,0000,71
20140904,0000,70
20140905,0000,71
20140906,0000,78
20140907,0000,80
20140908,0000,78
20140909,0000,77
20140910,0000,76
20140911,0000,79
20140912,0000,80
20140913,0000,83
20140914,0000,87
20140915,0000,86
20140916,0000,86
20140917,0000,84
20140918,0000,72
20140919,0000,70
20140920,0000,68
20140921,0000,69
20140922,0000,70
20140923,0000,73
20140924,0000,79
20140925,0000,78
20140926,0000,71
20140927,0000,65
20140928,0000,66
20140929,0000,68
20140930,0000,72
20141001,0000,69
20141002,0000,82
20141003,0000,85
20141004,0000,82
20141005,0000,80
20141006,0000,79
20141007,0000,77
20141008,0000,72
20141009,0000,67
20141010,0000,67
20141011,0000,68
20141012,0000,66
20141013,0000,67
20141014,0000,66
20141015,0000,67
20141016,0000,67
20141017,0000,66
20141018,0000,66
20141019,0000,66
20141020,0000,66
20141021,0000,67
20141022,0000,70
20141023,0000,74
20141024,0000,76
20141025,0000,70
20141026,0000,64
20141027,0000,63
20141028,0000,67
20141029,0000,71
20141030,0000,67
20141031,0000,65
20141101,0000,59
20141102,0000,57
20141103,0000,61
20141104,0000,69
20141105,0000,75
20141106,0000,79
20141107,0000,76
20141108,0000,75
20141109,0000,65
20141110,0000,61
20141111,0000,62
20141112,0000,61
20141113,0000,61
20141114,0000,61
20141115,0000,61
20141116,0000,63
20141117,0000,68
20141118,0000,65
20141119,0000,61
20141120,0000,60
20141121,0000,60
20141122,0000,60
20141123,0000,64
20141124,0000,68
20141125,0000,69
20141126,0000,74
20141127,0000,76
20141128,0000,70
20141129,0000,62
20141130,0000,61
20141201,0000,62
20141202,0000,60
20141203,0000,63
20141204,0000,62
20141205,0000,60
20141206,0000,62
20141207,0000,66
20141208,0000,65
20141209,0000,63
20141210,0000,60
20141211,0000,60
20141212,0000,54
20141213,0000,53
20141214,0000,54
20141215,0000,55
20141216,0000,54
20141217,0000,54
20141218,0000,54
20141219,0000,56
20141220,0000,55
20141221,0000,57
20141222,0000,63
20141223,0000,68
20141224,0000,63
20141225,0000,57
20141226,0000,55
20141227,0000,52
20141228,0000,50
20141229,0000,50
20141230,0000,48
20141231,0000,43
20150101,0000,46
20150102,0000,48
20150103,0000,50
20150104,0000,57
20150105,0000,69
20150106,0000,73
20150107,0000,68
20150108,0000,62
20150109,0000,59
20150110,0000,58
20150111,0000,56
20150112,0000,56
20150113,0000,59
20150114,0000,61
20150115,0000,63
20150116,0000,63
20150117,0000,63
20150118,0000,62
20150119,0000,59
20150120,0000,53
20150121,0000,60
20150122,0000,65
20150123,0000,66
20150124,0000,71
20150125,0000,71
20150126,0000,64
20150127,0000,61
20150128,0000,65
20150129,0000,64
20150130,0000,60
20150131,0000,57
20150201,0000,62
20150202,0000,63
20150203,0000,61
20150204,0000,58
20150205,0000,61
20150206,0000,61
20150207,0000,62
20150208,0000,66
20150209,0000,63
20150210,0000,64
20150211,0000,75
20150212,0000,75
20150213,0000,74
20150214,0000,71
20150215,0000,65
20150216,0000,58
20150217,0000,58
20150218,0000,58
20150219,0000,57
20150220,0000,57
20150221,0000,58
20150222,0000,56
20150223,0000,55
20150224,0000,58
20150225,0000,58
20150226,0000,57
20150227,0000,57
20150228,0000,54
20150301,0000,52
20150302,0000,51
20150303,0000,54
20150304,0000,58
20150305,0000,64
20150306,0000,71
20150307,0000,71
20150308,0000,64
20150309,0000,58
20150310,0000,66
20150311,0000,66
20150312,0000,72
20150313,0000,78
20150314,0000,80
20150315,0000,80
20150316,0000,76
20150317,0000,68
20150318,0000,62
20150319,0000,63
20150320,0000,65
20150321,0000,60
20150322,0000,59
20150323,0000,60
20150324,0000,61
20150325,0000,68
20150326,0000,78
20150327,0000,75
20150328,0000,68
20150329,0000,63
20150330,0000,62
20150331,0000,59
20150401,0000,61
20150402,0000,61
20150403,0000,71
20150404,0000,69
20150405,0000,60
20150406,0000,56
20150407,0000,56
20150408,0000,57
20150409,0000,59
20150410,0000,58
20150411,0000,60
20150412,0000,62
20150413,0000,62
20150414,0000,62
20150415,0000,66
20150416,0000,69
20150417,0000,69
20150418,0000,66
20150419,0000,63
20150420,0000,60
20150421,0000,58
20150422,0000,59
20150423,0000,59
20150424,0000,57
20150425,0000,57
20150426,0000,60
20150427,0000,70
20150428,0000,77
20150429,0000,78
20150430,0000,78
20150501,0000,78
20150502,0000,69
20150503,0000,61
20150504,0000,61
20150505,0000,58
20150506,0000,59
20150507,0000,56
20150508,0000,54
20150509,0000,57
20150510,0000,62
20150511,0000,63
20150512,0000,59
20150513,0000,59
20150514,0000,55
20150515,0000,56
20150516,0000,59
20150517,0000,60
20150518,0000,60
20150519,0000,61
20150520,0000,60
20150521,0000,59
20150522,0000,58
20150523,0000,60
20150524,0000,59
20150525,0000,59
20150526,0000,62
20150527,0000,62
20150528,0000,62
20150529,0000,63
20150530,0000,64
20150531,0000,63
20150601,0000,65
20150602,0000,64
20150603,0000,64
20150604,0000,62
20150605,0000,62
20150606,0000,64
20150607,0000,67
20150608,0000,73
20150609,0000,76
20150610,0000,66
20150611,0000,65
20150612,0000,64
20150613,0000,64
20150614,0000,67
20150615,0000,68
20150616,0000,67
20150617,0000,67
20150618,0000,68
20150619,0000,72
20150620,0000,69
20150621,0000,68
20150622,0000,69
20150623,0000,70
20150624,0000,69
20150625,0000,69
20150626,0000,71
20150627,0000,69
20150628,0000,76
20150629,0000,73
20150630,0000,75
20150701,0000,74
20150702,0000,74
20150703,0000,71
20150704,0000,68
20150705,0000,67
20150706,0000,67
20150707,0000,67
20150708,0000,67
20150709,0000,66
20150710,0000,67
20150711,0000,67
20150712,0000,69
20150713,0000,72
20150714,0000,68
20150715,0000,68
20150716,0000,69
20150717,0000,71
20150718,0000,70
20150719,0000,77
20150720,0000,74
20150721,0000,70
20150722,0000,72
20150723,0000,73
20150724,0000,74
20150725,0000,75
20150726,0000,71
20150727,0000,69
20150728,0000,70
20150729,0000,71
20150730,0000,73
20150731,0000,74
20150801,0000,70
20150802,0000,70
20150803,0000,72
20150804,0000,76
20150805,0000,77
20150806,0000,72
20150807,0000,69
20150808,0000,69
20150809,0000,67
20150810,0000,68
20150811,0000,68
20150812,0000,76
20150813,0000,79
20150814,0000,83
20150815,0000,85
20150816,0000,83
20150817,0000,73
20150818,0000,71
20150819,0000,70
20150820,0000,71
20150821,0000,70
20150822,0000,70
20150823,0000,71
20150824,0000,72
20150825,0000,75
20150826,0000,78
20150827,0000,81
20150828,0000,83
20150829,0000,82
20150830,0000,76
20150831,0000,71
20150901,0000,70
20150902,0000,69
20150903,0000,68
20150904,0000,68
20150905,0000,69
20150906,0000,75
20150907,0000,82
20150908,0000,86
20150909,0000,86
20150910,0000,85
20150911,0000,82
20150912,0000,81
20150913,0000,78
20150914,0000,73
20150915,0000,71
20150916,0000,68
20150917,0000,69
20150918,0000,73
20150919,0000,76
20150920,0000,87
20150921,0000,75
20150922,0000,72
20150923,0000,74
20150924,0000,77
20150925,0000,78
20150926,0000,78
20150927,0000,76
20150928,0000,76
20150929,0000,74
20150930,0000,75
20151001,0000,73
20151002,0000,70
20151003,0000,70
20151004,0000,64
20151005,0000,64
20151006,0000,67
20151007,0000,70
20151008,0000,76
20151009,0000,86
20151010,0000,88
20151011,0000,85
20151012,0000,82
20151013,0000,79
20151014,0000,77
20151015,0000,71
20151016,0000,70
20151017,0000,71
20151018,0000,69
20151019,0000,66
20151020,0000,66
20151021,0000,68
20151022,0000,67
20151023,0000,70
20151024,0000,78
20151025,0000,74
20151026,0000,75
20151027,0000,73
20151028,0000,69
20151029,0000,70
20151030,0000,76
20151031,0000,75
20151101,0000,72
20151102,0000,62
20151103,0000,57
20151104,0000,56
20151105,0000,60
20151106,0000,67
20151107,0000,69
20151108,0000,63
20151109,0000,58
20151110,0000,56
20151111,0000,61
20151112,0000,65
20151113,0000,66
20151114,0000,64
20151115,0000,59
20151116,0000,54
20151117,0000,60
20151118,0000,64
20151119,0000,71
20151120,0000,73
20151121,0000,78
20151122,0000,75
20151123,0000,67
20151124,0000,60
20151125,0000,53
20151126,0000,52
20151127,0000,49
20151128,0000,54
20151129,0000,56
20151130,0000,55
20151201,0000,58
20151202,0000,66
20151203,0000,64
20151204,0000,56
20151205,0000,64
20151206,0000,68
20151207,0000,68
20151208,0000,69
20151209,0000,65
20151210,0000,58
20151211,0000,54
20151212,0000,52
20151213,0000,55
20151214,0000,49
20151215,0000,51
20151216,0000,51
20151217,0000,54
20151218,0000,59
20151219,0000,55
20151220,0000,51
20151221,0000,53
20151222,0000,57
20151223,0000,56
20151224,0000,53
20151225,0000,50
20151226,0000,53
20151227,0000,50
20151228,0000,47
20151229,0000,49
20151230,0000,51
20151231,0000,55
20160101,0000,55
20160102,0000,54
20160103,0000,54
20160104,0000,58
20160105,0000,53
20160106,0000,51
20160107,0000,50
20160108,0000,49
20160109,0000,52
20160110,0000,53
20160111,0000,56
20160112,0000,56
20160113,0000,54
20160114,0000,54
20160115,0000,54
20160116,0000,56
20160117,0000,58
20160118,0000,56
20160119,0000,57
20160120,0000,58
20160121,0000,60
20160122,0000,59
20160123,0000,55
20160124,0000,54
20160125,0000,58
20160126,0000,63
20160127,0000,62
20160128,0000,60
20160129,0000,59
20160130,0000,56
20160131,0000,52
20160201,0000,48
20160202,0000,48
20160203,0000,53
20160204,0000,59
20160205,0000,66
20160206,0000,69
20160207,0000,75
20160208,0000,77
20160209,0000,77
20160210,0000,73
20160211,0000,72
20160212,0000,69
20160213,0000,65
20160214,0000,70
20160215,0000,77
20160216,0000,75
20160217,0000,64
20160218,0000,57
20160219,0000,57
20160220,0000,59
20160221,0000,61
20160222,0000,65
20160223,0000,71
20160224,0000,69
20160225,0000,68
20160226,0000,65
20160227,0000,61
20160228,0000,61
20160229,0000,62
20160301,0000,62
20160302,0000,60
20160303,0000,59
20160304,0000,58
20160305,0000,60
20160306,0000,57
20160307,0000,50
20160308,0000,55
20160309,0000,60
20160310,0000,63
20160311,0000,55
20160312,0000,54
20160313,0000,56
20160314,0000,58
20160315,0000,61
20160316,0000,70
20160317,0000,65
20160318,0000,60
20160319,0000,58
20160320,0000,57
20160321,0000,58
20160322,0000,58
20160323,0000,61
20160324,0000,67
20160325,0000,63
20160326,0000,60
20160327,0000,60
20160328,0000,55
20160329,0000,54
20160330,0000,53
20160331,0000,57
20160401,0000,59
20160402,0000,65
20160403,0000,66
20160404,0000,66
20160405,0000,68
20160406,0000,65
20160407,0000,59
20160408,0000,57
20160409,0000,59
20160410,0000,58
20160411,0000,60
20160412,0000,60
20160413,0000,60
20160414,0000,59
20160415,0000,62
20160416,0000,72
20160417,0000,73
20160418,0000,76
20160419,0000,76
20160420,0000,74
20160421,0000,68
20160422,0000,61
20160423,0000,62
20160424,0000,61
20160425,0000,56
20160426,0000,58
20160427,0000,59
20160428,0000,56
20160429,0000,58
20160430,0000,58
20160501,0000,59
20160502,0000,64
20160503,0000,63
20160504,0000,59
20160505,0000,59
20160506,0000,57
20160507,0000,59
20160508,0000,60
20160509,0000,60
20160510,0000,61
20160511,0000,65
20160512,0000,62
20160513,0000,62
20160514,0000,61
20160515,0000,62
20160516,0000,60
20160517,0000,61
20160518,0000,65
20160519,0000,63
20160520,0000,60
20160521,0000,59
20160522,0000,59
20160523,0000,59
20160524,0000,60
20160525,0000,60
20160526,0000,61
20160527,0000,63
20160528,0000,61
20160529,0000,61
20160530,0000,64
20160531,0000,62
20160601,0000,64
20160602,0000,70
20160603,0000,69
20160604,0000,67
20160605,0000,64
20160606,0000,63
20160607,0000,64
20160608,0000,65
20160609,0000,64
20160610,0000,65
20160611,0000,62
20160612,0000,62
20160613,0000,63
20160614,0000,62
20160615,0000,64
20160616,0000,67
20160617,0000,75
20160618,0000,80
20160619,0000,90
20160620,0000,88
20160621,0000,75
20160622,0000,71
20160623,0000,69
20160624,0000,67
20160625,0000,67
20160626,0000,70
20160627,0000,73
20160628,0000,72
20160629,0000,72
20160630,0000,70
20160701,0000,68
20160702,0000,66
20160703,0000,66
20160704,0000,68
20160705,0000,69
20160706,0000,68
20160707,0000,68
20160708,0000,70
20160709,0000,69
20160710,0000,70
20160711,0000,69
20160712,0000,69
20160713,0000,70
20160714,0000,71
20160715,0000,70
20160716,0000,70
20160717,0000,70
20160718,0000,71
20160719,0000,75
20160720,0000,80
20160721,0000,81
20160722,0000,84
20160723,0000,79
20160724,0000,76
20160725,0000,74
20160726,0000,78
20160727,0000,78
20160728,0000,76
20160729,0000,75
20160730,0000,74
20160731,0000,73
20160801,0000,73
20160802,0000,74
20160803,0000,71
20160804,0000,72
20160805,0000,71
20160806,0000,71
20160807,0000,71
20160808,0000,69
20160809,0000,69
20160810,0000,68
20160811,0000,69
20160812,0000,73
20160813,0000,76
20160814,0000,79
20160815,0000,83
20160816,0000,79
20160817,0000,77
20160818,0000,70
20160819,0000,72
20160820,0000,72
20160821,0000,74
20160822,0000,70
20160823,0000,70
20160824,0000,70
20160825,0000,67
20160826,0000,66
20160827,0000,67
20160828,0000,72
20160829,0000,73
20160830,0000,73
20160831,0000,73
20160901,0000,68
20160902,0000,68
20160903,0000,66
20160904,0000,66
20160905,0000,66
20160906,0000,68
20160907,0000,66
20160908,0000,68
20160909,0000,70
20160910,0000,70
20160911,0000,67
20160912,0000,65
20160913,0000,63
20160914,0000,66
20160915,0000,65
20160916,0000,65
20160917,0000,69
20160918,0000,73
20160919,0000,79
20160920,0000,75
20160921,0000,74
20160922,0000,66
20160923,0000,66
20160924,0000,77
20160925,0000,85
20160926,0000,89
20160927,0000,82
20160928,0000,80
20160929,0000,79
20160930,0000,78
20161001,0000,71
20161002,0000,65
20161003,0000,64
20161004,0000,64
20161005,0000,63
20161006,0000,69
20161007,0000,75
20161008,0000,77
20161009,0000,78
20161010,0000,73
20161011,0000,62
20161012,0000,61
20161013,0000,63
20161014,0000,62
20161015,0000,64
20161016,0000,66
20161017,0000,62
20161018,0000,64
20161019,0000,75
20161020,0000,84
20161021,0000,79
20161022,0000,73
20161023,0000,67
20161024,0000,64
20161025,0000,64
20161026,0000,67
20161027,0000,69
20161028,0000,69
20161029,0000,73
20161030,0000,64
20161031,0000,60
20161101,0000,59
20161102,0000,68
20161103,0000,73
20161104,0000,71
20161105,0000,69
20161106,0000,62
20161107,0000,68
20161108,0000,80
20161109,0000,84
20161110,0000,80
20161111,0000,75
20161112,0000,73
20161113,0000,76
20161114,0000,75
20161115,0000,68
20161116,0000,60
20161117,0000,61
20161118,0000,66
20161119,0000,64
20161120,0000,59
20161121,0000,57
20161122,0000,58
20161123,0000,59
20161124,0000,69
20161125,0000,64
20161126,0000,53
20161127,0000,52
20161128,0000,53
20161129,0000,58
20161130,0000,56
20161201,0000,55
20161202,0000,57
20161203,0000,58
20161204,0000,61
20161205,0000,55
20161206,0000,55
20161207,0000,54
20161208,0000,56
20161209,0000,56
20161210,0000,57
20161211,0000,59
20161212,0000,59
20161213,0000,58
20161214,0000,61
20161215,0000,58
20161216,0000,54
20161217,0000,48
20161218,0000,55
20161219,0000,62
20161220,0000,68
20161221,0000,62
20161222,0000,57
20161223,0000,55
20161224,0000,49
20161225,0000,47
20161226,0000,54
20161227,0000,61
20161228,0000,67
20161229,0000,70
20161230,0000,56
20161231,0000,51
20170101,0000,49
20170102,0000,50
20170103,0000,51
20170104,0000,54
20170105,0000,55
20170106,0000,54
20170107,0000,61
20170108,0000,65
20170109,0000,56
20170110,0000,53
20170111,0000,55
20170112,0000,52
20170113,0000,52
20170114,0000,55
20170115,0000,54
20170116,0000,55
20170117,0000,54
20170118,0000,52
20170119,0000,54
20170120,0000,51
20170121,0000,50
20170122,0000,52
20170123,0000,48
20170124,0000,46
20170125,0000,48
20170126,0000,52
20170127,0000,55
20170128,0000,64
20170129,0000,69
20170130,0000,67
20170131,0000,62
20170201,0000,55
20170202,0000,55
20170203,0000,m
20170204,0000,56
20170205,0000,51
20170206,0000,54
20170207,0000,59
20170208,0000,61
20170209,0000,63
20170210,0000,56
20170211,0000,55
20170212,0000,61
20170213,0000,61
20170214,0000,57
20170215,0000,63
20170216,0000,59
20170217,0000,53
20170218,0000,52
20170219,0000,52
20170220,0000,56
20170221,0000,60
20170222,0000,54
20170223,0000,49
20170224,0000,49
20170225,0000,51
20170226,0000,50
20170227,0000,51
20170228,0000,53
20170301,0000,61
20170302,0000,67
20170303,0000,66
20170304,0000,57
20170305,0000,52
20170306,0000,50
20170307,0000,60
20170308,0000,68
20170309,0000,69
20170310,0000,68
20170311,0000,65
20170312,0000,64
20170313,0000,65
20170314,0000,73
20170315,0000,71
20170316,0000,63
20170317,0000,62
20170318,0000,59
20170319,0000,59
20170320,0000,57
20170321,0000,58
20170322,0000,58
20170323,0000,56
20170324,0000,57
20170325,0000,57
20170326,0000,57
20170327,0000,57
20170328,0000,60
20170329,0000,68
20170330,0000,61
20170331,0000,57
20170401,0000,60
20170402,0000,62
20170403,0000,56
20170404,0000,60
20170405,0000,67
20170406,0000,62
20170407,0000,59
20170408,0000,57
20170409,0000,57
20170410,0000,62
20170411,0000,61
20170412,0000,61
20170413,0000,60
20170414,0000,57
20170415,0000,62
20170416,0000,63
20170417,0000,64
20170418,0000,64
20170419,0000,63
20170420,0000,63
20170421,0000,70
20170422,0000,73
20170423,0000,63
20170424,0000,60
20170425,0000,61
20170426,0000,63
20170427,0000,62
20170428,0000,65
20170429,0000,73
20170430,0000,72
20170501,0000,68
20170502,0000,68
20170503,0000,66
20170504,0000,65
20170505,0000,60
20170506,0000,56
20170507,0000,49
20170508,0000,58
20170509,0000,58
20170510,0000,59
20170511,0000,63
20170512,0000,60
20170513,0000,61
20170514,0000,58
20170515,0000,55
20170516,0000,56
20170517,0000,56
20170518,0000,62
20170519,0000,70
20170520,0000,78
20170521,0000,72
20170522,0000,65
20170523,0000,66
20170524,0000,60
20170525,0000,59
20170526,0000,61
20170527,0000,62
20170528,0000,62
20170529,0000,61
20170530,0000,61
20170531,0000,59
20170601,0000,62
20170602,0000,64
20170603,0000,65
20170604,0000,64
20170605,0000,62
20170606,0000,61
20170607,0000,61
20170608,0000,63
20170609,0000,65
20170610,0000,62
20170611,0000,60
20170612,0000,63
20170613,0000,66
20170614,0000,70
20170615,0000,72
20170616,0000,72
20170617,0000,70
20170618,0000,69
20170619,0000,72
20170620,0000,72
20170621,0000,69
20170622,0000,65
20170623,0000,67
20170624,0000,68
20170625,0000,77
20170626,0000,81
20170627,0000,76
20170628,0000,64
20170629,0000,65
20170630,0000,66
20170701,0000,65
20170702,0000,67
20170703,0000,70
20170704,0000,73
20170705,0000,70
20170706,0000,73
20170707,0000,78
20170708,0000,78
20170709,0000,78
20170710,0000,76
20170711,0000,73
20170712,0000,74
20170713,0000,74
20170714,0000,73
20170715,0000,71
20170716,0000,71
20170717,0000,71
20170718,0000,71
20170719,0000,72
20170720,0000,72
20170721,0000,71
20170722,0000,71
20170723,0000,71
20170724,0000,70
20170725,0000,71
20170726,0000,72
20170727,0000,72
20170728,0000,69
20170729,0000,71
20170730,0000,72
20170731,0000,72
20170801,0000,74
20170802,0000,76
20170803,0000,78
20170804,0000,75
20170805,0000,71
20170806,0000,71
20170807,0000,73
20170808,0000,72
20170809,0000,70
20170810,0000,71
20170811,0000,73
20170812,0000,69
20170813,0000,69
20170814,0000,67
20170815,0000,66
20170816,0000,68
20170817,0000,69
20170818,0000,69
20170819,0000,67
20170820,0000,68
20170821,0000,69
20170822,0000,69
20170823,0000,67
20170824,0000,67
20170825,0000,68
20170826,0000,72
20170827,0000,75
20170828,0000,79
20170829,0000,80
20170830,0000,82
20170831,0000,80
20170901,0000,88
20170902,0000,86
20170903,0000,82
20170904,0000,70
20170905,0000,75
20170906,0000,76
20170907,0000,74
20170908,0000,69
20170909,0000,73
20170910,0000,75
20170911,0000,77
20170912,0000,73
20170913,0000,68
20170914,0000,66
20170915,0000,66
20170916,0000,67
20170917,0000,66
20170918,0000,66
20170919,0000,67
20170920,0000,66
20170921,0000,63
20170922,0000,62
20170923,0000,62
20170924,0000,69
20170925,0000,73
20170926,0000,71
20170927,0000,72
20170928,0000,75
20170929,0000,73
20170930,0000,66
20171001,0000,64
20171002,0000,66
20171003,0000,64
20171004,0000,66
20171005,0000,71
20171006,0000,78
20171007,0000,79
20171008,0000,65
20171009,0000,69
20171010,0000,70
20171011,0000,66
20171012,0000,65
20171013,0000,64
20171014,0000,70
20171015,0000,83
20171016,0000,83
20171017,0000,80
20171018,0000,71
20171019,0000,65
20171020,0000,62
20171021,0000,66
20171022,0000,80
20171023,0000,89
20171024,0000,93
20171025,0000,87
20171026,0000,78
20171027,0000,74
20171028,0000,65
20171029,0000,62
20171030,0000,62
20171031,0000,61
20171101,0000,62
20171102,0000,59
20171103,0000,60
20171104,0000,61
20171105,0000,60
20171106,0000,62
20171107,0000,64
20171108,0000,64
20171109,0000,61
20171110,0000,60
20171111,0000,60
20171112,0000,60
20171113,0000,63
20171114,0000,66
20171115,0000,68
20171116,0000,70
20171117,0000,63
20171118,0000,63
20171119,0000,64
20171120,0000,65
20171121,0000,76
20171122,0000,82
20171123,0000,80
20171124,0000,74
20171125,0000,67
20171126,0000,58
20171127,0000,56
20171128,0000,59
20171129,0000,60
20171130,0000,61
20171201,0000,63
20171202,0000,64
20171203,0000,58
20171204,0000,59
20171205,0000,62
20171206,0000,67
20171207,0000,67
20171208,0000,67
20171209,0000,73
20171210,0000,75
20171211,0000,72
20171212,0000,73
20171213,0000,69
20171214,0000,67
20171215,0000,69
20171216,0000,58
20171217,0000,63
20171218,0000,60
20171219,0000,57
20171220,0000,53
20171221,0000,55
20171222,0000,56
20171223,0000,58
20171224,0000,60
20171225,0000,58
20171226,0000,58
20171227,0000,64
20171228,0000,69
20171229,0000,71
20171230,0000,63
20171231,0000,57
20180101,0000,58
20180102,0000,66
20180103,0000,65
20180104,0000,65
20180105,0000,64
20180106,0000,62
20180107,0000,61
20180108,0000,62
20180109,0000,54
20180110,0000,54
20180111,0000,59
20180112,0000,65
20180113,0000,74
20180114,0000,71
20180115,0000,63
20180116,0000,61
20180117,0000,66
20180118,0000,64
20180119,0000,55
20180120,0000,52
20180121,0000,52
20180122,0000,57
20180123,0000,64
20180124,0000,62
20180125,0000,52
20180126,0000,54
20180127,0000,63
20180128,0000,75
20180129,0000,77
20180130,0000,71
20180131,0000,68
20180201,0000,67
20180202,0000,70
20180203,0000,68
20180204,0000,69
20180205,0000,62
20180206,0000,56
20180207,0000,68
20180208,0000,70
20180209,0000,60
20180210,0000,55
20180211,0000,57
20180212,0000,53
20180213,0000,55
20180214,0000,58
20180215,0000,60
20180216,0000,63
20180217,0000,62
20180218,0000,57
20180219,0000,49
20180220,0000,46
20180221,0000,47
20180222,0000,49
20180223,0000,48
20180224,0000,50
20180225,0000,55
20180226,0000,54
20180227,0000,46
20180228,0000,48
20180301,0000,51
20180302,0000,54
20180303,0000,52
20180304,0000,51
20180305,0000,61
20180306,0000,66
20180307,0000,61
20180308,0000,60
20180309,0000,58
20180310,0000,55
20180311,0000,59
20180312,0000,60
20180313,0000,59
20180314,0000,57
20180315,0000,54
20180316,0000,53
20180317,0000,52
20180318,0000,52
20180319,0000,59
20180320,0000,61
20180321,0000,65
20180322,0000,59
20180323,0000,58
20180324,0000,54
20180325,0000,52
20180326,0000,53
20180327,0000,60
20180328,0000,62
20180329,0000,62
20180330,0000,62
20180331,0000,59
20180401,0000,56
20180402,0000,57
20180403,0000,60
20180404,0000,56
20180405,0000,58
20180406,0000,59
20180407,0000,62
20180408,0000,63
20180409,0000,72
20180410,0000,74
20180411,0000,64
20180412,0000,58
20180413,0000,65
20180414,0000,71
20180415,0000,64
20180416,0000,55
20180417,0000,56
20180418,0000,59
20180419,0000,53
20180420,0000,59
20180421,0000,67
20180422,0000,67
20180423,0000,61
20180424,0000,58
20180425,0000,59
20180426,0000,59
20180427,0000,58
20180428,0000,58
20180429,0000,59
20180430,0000,57
20180501,0000,54
20180502,0000,53
20180503,0000,62
20180504,0000,m
20180505,0000,m
20180506,0000,m
20180507,0000,m
20180508,0000,m
20180509,0000,m
20180510,0000,m
20180511,0000,m
20180512,0000,m
20180513,0000,m
20180514,0000,m
20180515,0000,m