Title: "FMC.csv"
12683,PST,'TEMPERATURE, AIR MAXIMUM (deg f)'
20060101,0000,60
20060102,0000,54
20060103,0000,62
20060104,0000,81
20060105,0000,78
20060106,0000,90
20060107,0000,74
20060108,0000,73
20060109,0000,67
20060110,0000,77
20060111,0000,72
20060112,0000,70
20060113,0000,76
20060114,0000,57
20060115,0000,61
20060116,0000,61
20060117,0000,72
20060118,0000,64
20060119,0000,63
20060120,0000,68
20060121,0000,66
20060122,0000,61
20060123,0000,62
20060124,0000,69
20060125,0000,62
20060126,0000,65
20060127,0000,65
20060128,0000,66
20060129,0000,68
20060130,0000,69
20060131,0000,67
20060201,0000,70
20060202,0000,67
20060203,0000,80
20060204,0000,74
20060205,0000,78
20060206,0000,78
20060207,0000,76
20060208,0000,80
20060209,0000,81
20060210,0000,74
20060211,0000,79
20060212,0000,78
20060213,0000,84
20060214,0000,70
20060215,0000,55
20060216,0000,63
20060217,0000,59
20060218,0000,55
20060219,0000,53
20060220,0000,59
20060221,0000,61
20060222,0000,66
20060223,0000,71
20060224,0000,69
20060225,0000,74
20060226,0000,75
20060227,0000,68
20060228,0000,61
20060301,0000,62
20060302,0000,61
20060303,0000,50
20060304,0000,57
20060305,0000,67
20060306,0000,65
20060307,0000,56
20060308,0000,62
20060309,0000,55
20060310,0000,49
20060311,0000,49
20060312,0000,50
20060313,0000,60
20060314,0000,62
20060315,0000,61
20060316,0000,66
20060317,0000,53
20060318,0000,55
20060319,0000,53
20060320,0000,51
20060321,0000,55
20060322,0000,69
20060323,0000,75
20060324,0000,75
20060325,0000,69
20060326,0000,65
20060327,0000,65
20060328,0000,53
20060329,0000,58
20060330,0000,61
20060331,0000,55
20060401,0000,59
20060402,0000,68
20060403,0000,67
20060404,0000,61
20060405,0000,51
20060406,0000,64
20060407,0000,63
20060408,0000,68
20060409,0000,64
20060410,0000,60
20060411,0000,68
20060412,0000,71
20060413,0000,86
20060414,0000,61
20060415,0000,62
20060416,0000,61
20060417,0000,63
20060418,0000,78
20060419,0000,78
20060420,0000,78
20060421,0000,67
20060422,0000,56
20060423,0000,62
20060424,0000,64
20060425,0000,58
20060426,0000,61
20060427,0000,61
20060428,0000,60
20060429,0000,70
20060430,0000,75
20060501,0000,73
20060502,0000,69
20060503,0000,58
20060504,0000,62
20060505,0000,64
20060506,0000,68
20060507,0000,72
20060508,0000,64
20060509,0000,70
20060510,0000,78
20060511,0000,77
20060512,0000,76
20060513,0000,73
20060514,0000,77
20060515,0000,75
20060516,0000,76
20060517,0000,74
20060518,0000,73
20060519,0000,75
20060520,0000,77
20060521,0000,65
20060522,0000,66
20060523,0000,75
20060524,0000,82
20060525,0000,79
20060526,0000,70
20060527,0000,68
20060528,0000,75
20060529,0000,78
20060530,0000,85
20060531,0000,88
20060601,0000,87
20060602,0000,92
20060603,0000,95
20060604,0000,91
20060605,0000,79
20060606,0000,77
20060607,0000,64
20060608,0000,69
20060609,0000,75
20060610,0000,75
20060611,0000,78
20060612,0000,77
20060613,0000,81
20060614,0000,89
20060615,0000,85
20060616,0000,97
20060617,0000,91
20060618,0000,88
20060619,0000,87
20060620,0000,86
20060621,0000,87
20060622,0000,86
20060623,0000,92
20060624,0000,91
20060625,0000,97
20060626,0000,95
20060627,0000,90
20060628,0000,102
20060629,0000,98
20060630,0000,97
20060701,0000,102
20060702,0000,98
20060703,0000,95
20060704,0000,96
20060705,0000,92
20060706,0000,92
20060707,0000,97
20060708,0000,98
20060709,0000,99
20060710,0000,92
20060711,0000,95
20060712,0000,99
20060713,0000,99
20060714,0000,105
20060715,0000,105
20060716,0000,98
20060717,0000,100
20060718,0000,94
20060719,0000,94
20060720,0000,94
20060721,0000,101
20060722,0000,113
20060723,0000,102
20060724,0000,104
20060725,0000,97
20060726,0000,99
20060727,0000,96
20060728,0000,90
20060729,0000,84
20060730,0000,85
20060731,0000,73
20060801,0000,86
20060802,0000,88
20060803,0000,75
20060804,0000,82
20060805,0000,87
20060806,0000,84
20060807,0000,88
20060808,0000,94
20060809,0000,101
20060810,0000,95
20060811,0000,93
20060812,0000,91
20060813,0000,89
20060814,0000,86
20060815,0000,86
20060816,0000,85
20060817,0000,89
20060818,0000,92
20060819,0000,87
20060820,0000,88
20060821,0000,91
20060822,0000,99
20060823,0000,100
20060824,0000,96
20060825,0000,91
20060826,0000,93
20060827,0000,97
20060828,0000,99
20060829,0000,97
20060830,0000,94
20060831,0000,96
20060901,0000,99
20060902,0000,101
20060903,0000,104
20060904,0000,103
20060905,0000,104
20060906,0000,101
20060907,0000,91
20060908,0000,87
20060909,0000,84
20060910,0000,88
20060911,0000,95
20060912,0000,94
20060913,0000,88
20060914,0000,80
20060915,0000,75
20060916,0000,86
20060917,0000,96
20060918,0000,97
20060919,0000,91
20060920,0000,86
20060921,0000,85
20060922,0000,70
20060923,0000,83
20060924,0000,94
20060925,0000,88
20060926,0000,86
20060927,0000,90
20060928,0000,94
20060929,0000,90
20060930,0000,85
20061001,0000,77
20061002,0000,86
20061003,0000,79
20061004,0000,83
20061005,0000,80
20061006,0000,73
20061007,0000,77
20061008,0000,80
20061009,0000,75
20061010,0000,79
20061011,0000,79
20061012,0000,75
20061013,0000,74
20061014,0000,73
20061015,0000,61
20061016,0000,65
20061017,0000,74
20061018,0000,76
20061019,0000,84
20061020,0000,89
20061021,0000,91
20061022,0000,91
20061023,0000,95
20061024,0000,82
20061025,0000,78
20061026,0000,75
20061027,0000,84
20061028,0000,89
20061029,0000,78
20061030,0000,74
20061031,0000,73
20061101,0000,76
20061102,0000,80
20061103,0000,76
20061104,0000,79
20061105,0000,85
20061106,0000,89
20061107,0000,97
20061108,0000,88
20061109,0000,75
20061110,0000,84
20061111,0000,72
20061112,0000,70
20061113,0000,79
20061114,0000,69
20061115,0000,82
20061116,0000,86
20061117,0000,81
20061118,0000,87
20061119,0000,94
20061120,0000,91
20061121,0000,80
20061122,0000,77
20061123,0000,75
20061124,0000,67
20061125,0000,68
20061126,0000,67
20061127,0000,60
20061128,0000,64
20061129,0000,53
20061130,0000,60
20061201,0000,78
20061202,0000,69
20061203,0000,65
20061204,0000,78
20061205,0000,75
20061206,0000,78
20061207,0000,81
20061208,0000,77
20061209,0000,68
20061210,0000,61
20061211,0000,65
20061212,0000,69
20061213,0000,73
20061214,0000,77
20061215,0000,67
20061216,0000,52
20061217,0000,56
20061218,0000,48
20061219,0000,59
20061220,0000,59
20061221,0000,63
20061222,0000,60
20061223,0000,72
20061224,0000,73
20061225,0000,80
20061226,0000,76
20061227,0000,58
20061228,0000,57
20061229,0000,67
20061230,0000,66
20061231,0000,62
20070101,0000,63
20070102,0000,72
20070103,0000,73
20070104,0000,61
20070105,0000,52
20070106,0000,68
20070107,0000,71
20070108,0000,75
20070109,0000,85
20070110,0000,69
20070111,0000,56
20070112,0000,52
20070113,0000,44
20070114,0000,54
20070115,0000,51
20070116,0000,58
20070117,0000,57
20070118,0000,59
20070119,0000,65
20070120,0000,60
20070121,0000,55
20070122,0000,64
20070123,0000,70
20070124,0000,74
20070125,0000,77
20070126,0000,69
20070127,0000,60
20070128,0000,62
20070129,0000,66
20070130,0000,55
20070131,0000,55
20070201,0000,55
20070202,0000,65
20070203,0000,70
20070204,0000,82
20070205,0000,86
20070206,0000,78
20070207,0000,72
20070208,0000,68
20070209,0000,69
20070210,0000,72
20070211,0000,61
20070212,0000,60
20070213,0000,60
20070214,0000,67
20070215,0000,74
20070216,0000,80
20070217,0000,79
20070218,0000,72
20070219,0000,61
20070220,0000,61
20070221,0000,68
20070222,0000,54
20070223,0000,58
20070224,0000,68
20070225,0000,57
20070226,0000,59
20070227,0000,56
20070228,0000,58
20070301,0000,62
20070302,0000,63
20070303,0000,68
20070304,0000,78
20070305,0000,84
20070306,0000,88
20070307,0000,79
20070308,0000,74
20070309,0000,69
20070310,0000,76
20070311,0000,90
20070312,0000,94
20070313,0000,86
20070314,0000,76
20070315,0000,79
20070316,0000,85
20070317,0000,75
20070318,0000,63
20070319,0000,68
20070320,0000,57
20070321,0000,57
20070322,0000,76
20070323,0000,73
20070324,0000,73
20070325,0000,75
20070326,0000,68
20070327,0000,58
20070328,0000,67
20070329,0000,77
20070330,0000,77
20070331,0000,81
20070401,0000,78
20070402,0000,75
20070403,0000,74
20070404,0000,72
20070405,0000,73
20070406,0000,68
20070407,0000,58
20070408,0000,58
20070409,0000,71
20070410,0000,74
20070411,0000,71
20070412,0000,64
20070413,0000,79
20070414,0000,74
20070415,0000,59
20070416,0000,69
20070417,0000,69
20070418,0000,71
20070419,0000,73
20070420,0000,47
20070421,0000,61
20070422,0000,63
20070423,0000,68
20070424,0000,77
20070425,0000,80
20070426,0000,73
20070427,0000,84
20070428,0000,84
20070429,0000,77
20070430,0000,77
20070501,0000,74
20070502,0000,71
20070503,0000,69
20070504,0000,66
20070505,0000,72
20070506,0000,81
20070507,0000,88
20070508,0000,94
20070509,0000,90
20070510,0000,83
20070511,0000,81
20070512,0000,73
20070513,0000,75
20070514,0000,75
20070515,0000,72
20070516,0000,73
20070517,0000,75
20070518,0000,75
20070519,0000,76
20070520,0000,73
20070521,0000,57
20070522,0000,64
20070523,0000,78
20070524,0000,79
20070525,0000,79
20070526,0000,76
20070527,0000,75
20070528,0000,73
20070529,0000,76
20070530,0000,76
20070531,0000,76
20070601,0000,76
20070602,0000,75
20070603,0000,78
20070604,0000,82
20070605,0000,73
20070606,0000,69
20070607,0000,77
20070608,0000,77
20070609,0000,75
20070610,0000,78
20070611,0000,77
20070612,0000,82
20070613,0000,90
20070614,0000,88
20070615,0000,84
20070616,0000,84
20070617,0000,81
20070618,0000,81
20070619,0000,84
20070620,0000,89
20070621,0000,88
20070622,0000,88
20070623,0000,81
20070624,0000,81
20070625,0000,84
20070626,0000,87
20070627,0000,84
20070628,0000,88
20070629,0000,87
20070630,0000,89
20070701,0000,91
20070702,0000,95
20070703,0000,96
20070704,0000,91
20070705,0000,87
20070706,0000,87
20070707,0000,86
20070708,0000,82
20070709,0000,83
20070710,0000,78
20070711,0000,83
20070712,0000,86
20070713,0000,93
20070714,0000,89
20070715,0000,86
20070716,0000,83
20070717,0000,83
20070718,0000,86
20070719,0000,88
20070720,0000,85
20070721,0000,85
20070722,0000,82
20070723,0000,88
20070724,0000,88
20070725,0000,90
20070726,0000,93
20070727,0000,95
20070728,0000,90
20070729,0000,87
20070730,0000,84
20070731,0000,83
20070801,0000,86
20070802,0000,89
20070803,0000,91
20070804,0000,88
20070805,0000,82
20070806,0000,83
20070807,0000,82
20070808,0000,84
20070809,0000,85
20070810,0000,85
20070811,0000,87
20070812,0000,91
20070813,0000,95
20070814,0000,102
20070815,0000,98
20070816,0000,95
20070817,0000,94
20070818,0000,96
20070819,0000,96
20070820,0000,97
20070821,0000,96
20070822,0000,88
20070823,0000,84
20070824,0000,86
20070825,0000,85
20070826,0000,87
20070827,0000,91
20070828,0000,94
20070829,0000,99
20070830,0000,98
20070831,0000,103
20070901,0000,103
20070902,0000,105
20070903,0000,108
20070904,0000,98
20070905,0000,88
20070906,0000,80
20070907,0000,82
20070908,0000,84
20070909,0000,82
20070910,0000,90
20070911,0000,94
20070912,0000,94
20070913,0000,86
20070914,0000,87
20070915,0000,85
20070916,0000,81
20070917,0000,77
20070918,0000,78
20070919,0000,68
20070920,0000,72
20070921,0000,76
20070922,0000,65
20070923,0000,70
20070924,0000,80
20070925,0000,82
20070926,0000,89
20070927,0000,84
20070928,0000,63
20070929,0000,76
20070930,0000,87
20071001,0000,83
20071002,0000,91
20071003,0000,86
20071004,0000,78
20071005,0000,66
20071006,0000,74
20071007,0000,78
20071008,0000,87
20071009,0000,82
20071010,0000,76
20071011,0000,75
20071012,0000,72
20071013,0000,63
20071014,0000,73
20071015,0000,58
20071016,0000,68
20071017,0000,68
20071018,0000,81
20071019,0000,90
20071020,0000,75
20071021,0000,71
20071022,0000,78
20071023,0000,88
20071024,0000,93
20071025,0000,88
20071026,0000,84
20071027,0000,77
20071028,0000,90
20071029,0000,77
20071030,0000,72
20071031,0000,77
20071101,0000,73
20071102,0000,78
20071103,0000,86
20071104,0000,78
20071105,0000,67
20071106,0000,68
20071107,0000,69
20071108,0000,56
20071109,0000,65
20071110,0000,67
20071111,0000,65
20071112,0000,76
20071113,0000,89
20071114,0000,86
20071115,0000,89
20071116,0000,73
20071117,0000,70
20071118,0000,74
20071119,0000,78
20071120,0000,67
20071121,0000,69
20071122,0000,66
20071123,0000,61
20071124,0000,75
20071125,0000,68
20071126,0000,77
20071127,0000,75
20071128,0000,68
20071129,0000,73
20071130,0000,62
20071201,0000,52
20071202,0000,58
20071203,0000,80
20071204,0000,81
20071205,0000,76
20071206,0000,62
20071207,0000,51
20071208,0000,53
20071209,0000,53
20071210,0000,60
20071211,0000,54
20071212,0000,58
20071213,0000,62
20071214,0000,61
20071215,0000,66
20071216,0000,68
20071217,0000,60
20071218,0000,57
20071219,0000,56
20071220,0000,54
20071221,0000,54
20071222,0000,60
20071223,0000,72
20071224,0000,74
20071225,0000,58
20071226,0000,59
20071227,0000,49
20071228,0000,54
20071229,0000,50
20071230,0000,61
20071231,0000,66
20080101,0000,64
20080102,0000,74
20080103,0000,64
20080104,0000,55
20080105,0000,54
20080106,0000,51
20080107,0000,53
20080108,0000,56
20080109,0000,55
20080110,0000,61
20080111,0000,69
20080112,0000,74
20080113,0000,69
20080114,0000,69
20080115,0000,68
20080116,0000,60
20080117,0000,59
20080118,0000,59
20080119,0000,66
20080120,0000,60
20080121,0000,50
20080122,0000,54
20080123,0000,55
20080124,0000,48
20080125,0000,54
20080126,0000,66
20080127,0000,55
20080128,0000,51
20080129,0000,53
20080130,0000,58
20080131,0000,61
20080201,0000,51
20080202,0000,52
20080203,0000,50
20080204,0000,58
20080205,0000,59
20080206,0000,61
20080207,0000,70
20080208,0000,74
20080209,0000,79
20080210,0000,77
20080211,0000,76
20080212,0000,78
20080213,0000,67
20080214,0000,50
20080215,0000,63
20080216,0000,64
20080217,0000,62
20080218,0000,62
20080219,0000,53
20080220,0000,53
20080221,0000,57
20080222,0000,52
20080223,0000,60
20080224,0000,56
20080225,0000,65
20080226,0000,73
20080227,0000,77
20080228,0000,71
20080229,0000,61
20080301,0000,51
20080302,0000,63
20080303,0000,67
20080304,0000,69
20080305,0000,67
20080306,0000,68
20080307,0000,76
20080308,0000,70
20080309,0000,72
20080310,0000,78
20080311,0000,78
20080312,0000,76
20080313,0000,70
20080314,0000,65
20080315,0000,55
20080316,0000,62
20080317,0000,67
20080318,0000,72
20080319,0000,70
20080320,0000,67
20080321,0000,81
20080322,0000,84
20080323,0000,87
20080324,0000,85
20080325,0000,77
20080326,0000,73
20080327,0000,72
20080328,0000,68
20080329,0000,69
20080330,0000,58
20080331,0000,62
20080401,0000,62
20080402,0000,65
20080403,0000,63
20080404,0000,73
20080405,0000,64
20080406,0000,67
20080407,0000,68
20080408,0000,64
20080409,0000,64
20080410,0000,75
20080411,0000,84
20080412,0000,86
20080413,0000,95
20080414,0000,86
20080415,0000,69
20080416,0000,73
20080417,0000,83
20080418,0000,85
20080419,0000,60
20080420,0000,65
20080421,0000,68
20080422,0000,71
20080423,0000,68
20080424,0000,72
20080425,0000,88
20080426,0000,94
20080427,0000,93
20080428,0000,95
20080429,0000,79
20080430,0000,68
20080501,0000,76
20080502,0000,83
20080503,0000,80
20080504,0000,69
20080505,0000,67
20080506,0000,59
20080507,0000,58
20080508,0000,69
20080509,0000,60
20080510,0000,73
20080511,0000,73
20080512,0000,55
20080513,0000,77
20080514,0000,82
20080515,0000,87
20080516,0000,94
20080517,0000,98
20080518,0000,97
20080519,0000,94
20080520,0000,74
20080521,0000,71
20080522,0000,64
20080523,0000,51
20080524,0000,59
20080525,0000,63
20080526,0000,63
20080527,0000,71
20080528,0000,72
20080529,0000,75
20080530,0000,77
20080531,0000,75
20080601,0000,78
20080602,0000,75
20080603,0000,75
20080604,0000,64
20080605,0000,79
20080606,0000,83
20080607,0000,78
20080608,0000,82
20080609,0000,85
20080610,0000,79
20080611,0000,79
20080612,0000,79
20080613,0000,82
20080614,0000,86
20080615,0000,89
20080616,0000,91
20080617,0000,92
20080618,0000,98
20080619,0000,101
20080620,0000,105
20080621,0000,104
20080622,0000,100
20080623,0000,91
20080624,0000,83
20080625,0000,82
20080626,0000,83
20080627,0000,79
20080628,0000,85
20080629,0000,91
20080630,0000,94
20080701,0000,89
20080702,0000,91
20080703,0000,87
20080704,0000,96
20080705,0000,93
20080706,0000,86
20080707,0000,86
20080708,0000,85
20080709,0000,83
20080710,0000,83
20080711,0000,82
20080712,0000,89
20080713,0000,89
20080714,0000,88
20080715,0000,89
20080716,0000,88
20080717,0000,88
20080718,0000,85
20080719,0000,82
20080720,0000,78
20080721,0000,85
20080722,0000,85
20080723,0000,85
20080724,0000,85
20080725,0000,87
20080726,0000,88
20080727,0000,82
20080728,0000,83
20080729,0000,82
20080730,0000,84
20080731,0000,87
20080801,0000,88
20080802,0000,86
20080803,0000,92
20080804,0000,92
20080805,0000,90
20080806,0000,91
20080807,0000,93
20080808,0000,90
20080809,0000,88
20080810,0000,89
20080811,0000,86
20080812,0000,89
20080813,0000,86
20080814,0000,94
20080815,0000,87
20080816,0000,89
20080817,0000,88
20080818,0000,84
20080819,0000,84
20080820,0000,85
20080821,0000,86
20080822,0000,84
20080823,0000,87
20080824,0000,96
20080825,0000,93
20080826,0000,91
20080827,0000,89
20080828,0000,84
20080829,0000,94
20080830,0000,91
20080831,0000,86
20080901,0000,84
20080902,0000,92
20080903,0000,96
20080904,0000,95
20080905,0000,94
20080906,0000,94
20080907,0000,89
20080908,0000,83
20080909,0000,84
20080910,0000,83
20080911,0000,80
20080912,0000,70
20080913,0000,79
20080914,0000,86
20080915,0000,92
20080916,0000,86
20080917,0000,86
20080918,0000,89
20080919,0000,88
20080920,0000,78
20080921,0000,78
20080922,0000,81
20080923,0000,88
20080924,0000,93
20080925,0000,99
20080926,0000,95
20080927,0000,91
20080928,0000,91
20080929,0000,97
20080930,0000,102
20081001,0000,100
20081002,0000,87
20081003,0000,77
20081004,0000,64
20081005,0000,74
20081006,0000,90
20081007,0000,99
20081008,0000,97
20081009,0000,85
20081010,0000,75
20081011,0000,69
20081012,0000,69
20081013,0000,69
20081014,0000,84
20081015,0000,95
20081016,0000,90
20081017,0000,94
20081018,0000,83
20081019,0000,78
20081020,0000,76
20081021,0000,84
20081022,0000,88
20081023,0000,91
20081024,0000,88
20081025,0000,90
20081026,0000,89
20081027,0000,95
20081028,0000,97
20081029,0000,91
20081030,0000,82
20081031,0000,85
20081101,0000,82
20081102,0000,72
20081103,0000,66
20081104,0000,65
20081105,0000,68
20081106,0000,78
20081107,0000,80
20081108,0000,82
20081109,0000,64
20081110,0000,67
20081111,0000,71
20081112,0000,77
20081113,0000,82
20081114,0000,83
20081115,0000,81
20081116,0000,84
20081117,0000,88
20081118,0000,87
20081119,0000,85
20081120,0000,79
20081121,0000,87
20081122,0000,80
20081123,0000,68
20081124,0000,81
20081125,0000,71
20081126,0000,60
20081127,0000,61
20081128,0000,64
20081129,0000,72
20081130,0000,81
20081201,0000,81
20081202,0000,62
20081203,0000,68
20081204,0000,64
20081205,0000,70
20081206,0000,75
20081207,0000,62
20081208,0000,58
20081209,0000,62
20081210,0000,73
20081211,0000,77
20081212,0000,64
20081213,0000,53
20081214,0000,53
20081215,0000,48
20081216,0000,54
20081217,0000,46
20081218,0000,53
20081219,0000,53
20081220,0000,58
20081221,0000,63
20081222,0000,50
20081223,0000,52
20081224,0000,50
20081225,0000,50
20081226,0000,52
20081227,0000,53
20081228,0000,67
20081229,0000,73
20081230,0000,73
20081231,0000,69
20090101,0000,70
20090102,0000,55
20090103,0000,59
20090104,0000,57
20090105,0000,57
20090106,0000,61
20090107,0000,72
20090108,0000,69
20090109,0000,67
20090110,0000,66
20090111,0000,81
20090112,0000,76
20090113,0000,77
20090114,0000,78
20090115,0000,77
20090116,0000,72
20090117,0000,79
20090118,0000,72
20090119,0000,81
20090120,0000,82
20090121,0000,72
20090122,0000,68
20090123,0000,61
20090124,0000,54
20090125,0000,55
20090126,0000,57
20090127,0000,58
20090128,0000,68
20090129,0000,68
20090130,0000,72
20090131,0000,78
20090201,0000,74
20090202,0000,75
20090203,0000,79
20090204,0000,79
20090205,0000,61
20090206,0000,52
20090207,0000,57
20090208,0000,49
20090209,0000,46
20090210,0000,54
20090211,0000,56
20090212,0000,56
20090213,0000,50
20090214,0000,56
20090215,0000,56
20090216,0000,49
20090217,0000,54
20090218,0000,58
20090219,0000,69
20090220,0000,72
20090221,0000,71
20090222,0000,69
20090223,0000,71
20090224,0000,67
20090225,0000,61
20090226,0000,61
20090227,0000,63
20090228,0000,80
20090301,0000,80
20090302,0000,72
20090303,0000,67
20090304,0000,52
20090305,0000,60
20090306,0000,59
20090307,0000,61
20090308,0000,63
20090309,0000,58
20090310,0000,65
20090311,0000,57
20090312,0000,63
20090313,0000,67
20090314,0000,60
20090315,0000,60
20090316,0000,73
20090317,0000,79
20090318,0000,83
20090319,0000,78
20090320,0000,69
20090321,0000,58
20090322,0000,55
20090323,0000,61
20090324,0000,75
20090325,0000,76
20090326,0000,71
20090327,0000,73
20090328,0000,81
20090329,0000,64
20090330,0000,69
20090331,0000,73
20090401,0000,69
20090402,0000,60
20090403,0000,60
20090404,0000,69
20090405,0000,79
20090406,0000,83
20090407,0000,70
20090408,0000,63
20090409,0000,68
20090410,0000,60
20090411,0000,64
20090412,0000,73
20090413,0000,78
20090414,0000,64
20090415,0000,59
20090416,0000,67
20090417,0000,78
20090418,0000,85
20090419,0000,92
20090420,0000,100
20090421,0000,96
20090422,0000,76
20090423,0000,68
20090424,0000,60
20090425,0000,67
20090426,0000,69
20090427,0000,68
20090428,0000,66
20090429,0000,69
20090430,0000,74
20090501,0000,78
20090502,0000,69
20090503,0000,77
20090504,0000,79
20090505,0000,78
20090506,0000,87
20090507,0000,90
20090508,0000,85
20090509,0000,80
20090510,0000,78
20090511,0000,79
20090512,0000,77
20090513,0000,77
20090514,0000,79
20090515,0000,79
20090516,0000,81
20090517,0000,83
20090518,0000,86
20090519,0000,87
20090520,0000,85
20090521,0000,80
20090522,0000,78
20090523,0000,76
20090524,0000,74
20090525,0000,74
20090526,0000,76
20090527,0000,77
20090528,0000,78
20090529,0000,61
20090530,0000,62
20090531,0000,71
20090601,0000,74
20090602,0000,82
20090603,0000,72
20090604,0000,73
20090605,0000,71
20090606,0000,72
20090607,0000,74
20090608,0000,72
20090609,0000,67
20090610,0000,66
20090611,0000,69
20090612,0000,62
20090613,0000,67
20090614,0000,75
20090615,0000,76
20090616,0000,77
20090617,0000,78
20090618,0000,81
20090619,0000,82
20090620,0000,65
20090621,0000,77
20090622,0000,78
20090623,0000,79
20090624,0000,77
20090625,0000,79
20090626,0000,83
20090627,0000,88
20090628,0000,95
20090629,0000,86
20090630,0000,86
20090701,0000,86
20090702,0000,85
20090703,0000,84
20090704,0000,93
20090705,0000,86
20090706,0000,85
20090707,0000,83
20090708,0000,86
20090709,0000,88
20090710,0000,91
20090711,0000,94
20090712,0000,95
20090713,0000,95
20090714,0000,91
20090715,0000,88
20090716,0000,93
20090717,0000,96
20090718,0000,94
20090719,0000,96
20090720,0000,94
20090721,0000,94
20090722,0000,92
20090723,0000,89
20090724,0000,85
20090725,0000,87
20090726,0000,91
20090727,0000,92
20090728,0000,88
20090729,0000,84
20090730,0000,84
20090731,0000,87
20090801,0000,86
20090802,0000,88
20090803,0000,95
20090804,0000,96
20090805,0000,94
20090806,0000,84
20090807,0000,81
20090808,0000,82
20090809,0000,83
20090810,0000,84
20090811,0000,86
20090812,0000,86
20090813,0000,85
20090814,0000,82
20090815,0000,82
20090816,0000,83
20090817,0000,82
20090818,0000,82
20090819,0000,83
20090820,0000,84
20090821,0000,80
20090822,0000,92
20090823,0000,88
20090824,0000,90
20090825,0000,94
20090826,0000,102
20090827,0000,105
20090828,0000,101
20090829,0000,104
20090830,0000,102
20090831,0000,98
20090901,0000,95
20090902,0000,98
20090903,0000,99
20090904,0000,97
20090905,0000,92
20090906,0000,88
20090907,0000,87
20090908,0000,86
20090909,0000,89
20090910,0000,98
20090911,0000,91
20090912,0000,84
20090913,0000,79
20090914,0000,78
20090915,0000,83
20090916,0000,86
20090917,0000,90
20090918,0000,94
20090919,0000,90
20090920,0000,92
20090921,0000,88
20090922,0000,102
20090923,0000,100
20090924,0000,101
20090925,0000,99
20090926,0000,100
20090927,0000,96
20090928,0000,85
20090929,0000,78
20090930,0000,78
20091001,0000,87
20091002,0000,90
20091003,0000,80
20091004,0000,65
20091005,0000,70
20091006,0000,72
20091007,0000,70
20091008,0000,75
20091009,0000,76
20091010,0000,74
20091011,0000,72
20091012,0000,60
20091013,0000,62
20091014,0000,65
20091015,0000,83
20091016,0000,98
20091017,0000,92
20091018,0000,83
20091019,0000,73
20091020,0000,74
20091021,0000,84
20091022,0000,84
20091023,0000,90
20091024,0000,84
20091025,0000,87
20091026,0000,92
20091027,0000,70
20091028,0000,63
20091029,0000,68
20091030,0000,75
20091031,0000,83
20091101,0000,87
20091102,0000,88
20091103,0000,92
20091104,0000,82
20091105,0000,70
20091106,0000,72
20091107,0000,68
20091108,0000,74
20091109,0000,84
20091110,0000,84
20091111,0000,79
20091112,0000,73
20091113,0000,66
20091114,0000,66
20091115,0000,67
20091116,0000,77
20091117,0000,80
20091118,0000,72
20091119,0000,79
20091120,0000,71
20091121,0000,66
20091122,0000,70
20091123,0000,73
20091124,0000,71
20091125,0000,74
20091126,0000,84
20091127,0000,73
20091128,0000,62
20091129,0000,65
20091130,0000,75
20091201,0000,68
20091202,0000,64
20091203,0000,67
20091204,0000,71
20091205,0000,57
20091206,0000,52
20091207,0000,48
20091208,0000,52
20091209,0000,56
20091210,0000,60
20091211,0000,52
20091212,0000,55
20091213,0000,56
20091214,0000,62
20091215,0000,69
20091216,0000,71
20091217,0000,74
20091218,0000,76
20091219,0000,73
20091220,0000,70
20091221,0000,64
20091222,0000,56
20091223,0000,63
20091224,0000,64
20091225,0000,66
20091226,0000,59
20091227,0000,60
20091228,0000,66
20091229,0000,60
20091230,0000,49
20091231,0000,63
20100101,0000,70
20100102,0000,79
20100103,0000,82
20100104,0000,73
20100105,0000,75
20100106,0000,72
20100107,0000,73
20100108,0000,78
20100109,0000,75
20100110,0000,77
20100111,0000,76
20100112,0000,71
20100113,0000,58
20100114,0000,66
20100115,0000,70
20100116,0000,68
20100117,0000,62
20100118,0000,52
20100119,0000,52
20100120,0000,50
20100121,0000,53
20100122,0000,46
20100123,0000,56
20100124,0000,60
20100125,0000,61
20100126,0000,59
20100127,0000,66
20100128,0000,66
20100129,0000,65
20100130,0000,61
20100131,0000,64
20100201,0000,63
20100202,0000,66
20100203,0000,64
20100204,0000,60
20100205,0000,51
20100206,0000,54
20100207,0000,58
20100208,0000,61
20100209,0000,51
20100210,0000,59
20100211,0000,60
20100212,0000,65
20100213,0000,72
20100214,0000,79
20100215,0000,78
20100216,0000,79
20100217,0000,72
20100218,0000,68
20100219,0000,58
20100220,0000,57
20100221,0000,57
20100222,0000,57
20100223,0000,68
20100224,0000,60
20100225,0000,67
20100226,0000,70
20100227,0000,53
20100228,0000,61
20100301,0000,68
20100302,0000,62
20100303,0000,57
20100304,0000,59
20100305,0000,64
20100306,0000,52
20100307,0000,57
20100308,0000,58
20100309,0000,56
20100310,0000,55
20100311,0000,66
20100312,0000,66
20100313,0000,59
20100314,0000,68
20100315,0000,74
20100316,0000,80
20100317,0000,80
20100318,0000,73
20100319,0000,75
20100320,0000,78
20100321,0000,78
20100322,0000,68
20100323,0000,70
20100324,0000,73
20100325,0000,66
20100326,0000,71
20100327,0000,72
20100328,0000,79
20100329,0000,79
20100330,0000,63
20100331,0000,55
20100401,0000,61
20100402,0000,64
20100403,0000,67
20100404,0000,61
20100405,0000,60
20100406,0000,68
20100407,0000,74
20100408,0000,80
20100409,0000,74
20100410,0000,67
20100411,0000,57
20100412,0000,58
20100413,0000,64
20100414,0000,68
20100415,0000,71
20100416,0000,70
20100417,0000,74
20100418,0000,77
20100419,0000,74
20100420,0000,69
20100421,0000,57
20100422,0000,56
20100423,0000,67
20100424,0000,71
20100425,0000,76
20100426,0000,76
20100427,0000,69
20100428,0000,64
20100429,0000,64
20100430,0000,70
20100501,0000,73
20100502,0000,72
20100503,0000,84
20100504,0000,83
20100505,0000,78
20100506,0000,74
20100507,0000,83
20100508,0000,81
20100509,0000,65
20100510,0000,68
20100511,0000,68
20100512,0000,76
20100513,0000,77
20100514,0000,76
20100515,0000,79
20100516,0000,74
20100517,0000,54
20100518,0000,70
20100519,0000,75
20100520,0000,81
20100521,0000,76
20100522,0000,68
20100523,0000,64
20100524,0000,71
20100525,0000,73
20100526,0000,75
20100527,0000,69
20100528,0000,72
20100529,0000,88
20100530,0000,85
20100531,0000,81
20100601,0000,72
20100602,0000,79
20100603,0000,78
20100604,0000,84
20100605,0000,85
20100606,0000,87
20100607,0000,82
20100608,0000,79
20100609,0000,78
20100610,0000,79
20100611,0000,68
20100612,0000,71
20100613,0000,83
20100614,0000,88
20100615,0000,84
20100616,0000,78
20100617,0000,81
20100618,0000,80
20100619,0000,80
20100620,0000,82
20100621,0000,74
20100622,0000,81
20100623,0000,82
20100624,0000,82
20100625,0000,83
20100626,0000,77
20100627,0000,81
20100628,0000,75
20100629,0000,78
20100630,0000,86
20100701,0000,82
20100702,0000,81
20100703,0000,78
20100704,0000,76
20100705,0000,75
20100706,0000,69
20100707,0000,75
20100708,0000,74
20100709,0000,79
20100710,0000,81
20100711,0000,82
20100712,0000,86
20100713,0000,94
20100714,0000,97
20100715,0000,102
20100716,0000,100
20100717,0000,95
20100718,0000,88
20100719,0000,87
20100720,0000,81
20100721,0000,79
20100722,0000,79
20100723,0000,85
20100724,0000,83
20100725,0000,82
20100726,0000,77
20100727,0000,76
20100728,0000,81
20100729,0000,81
20100730,0000,81
20100731,0000,83
20100801,0000,84
20100802,0000,86
20100803,0000,87
20100804,0000,87
20100805,0000,83
20100806,0000,83
20100807,0000,81
20100808,0000,79
20100809,0000,81
20100810,0000,82
20100811,0000,81
20100812,0000,84
20100813,0000,85
20100814,0000,85
20100815,0000,89
20100816,0000,91
20100817,0000,97
20100818,0000,97
20100819,0000,93
20100820,0000,96
20100821,0000,92
20100822,0000,92
20100823,0000,98
20100824,0000,101
20100825,0000,102
20100826,0000,101
20100827,0000,88
20100828,0000,78
20100829,0000,76
20100830,0000,77
20100831,0000,85
20100901,0000,90
20100902,0000,94
20100903,0000,97
20100904,0000,104
20100905,0000,91
20100906,0000,82
20100907,0000,73
20100908,0000,64
20100909,0000,76
20100910,0000,81
20100911,0000,82
20100912,0000,87
20100913,0000,90
20100914,0000,89
20100915,0000,84
20100916,0000,84
20100917,0000,83
20100918,0000,84
20100919,0000,85
20100920,0000,82
20100921,0000,74
20100922,0000,69
20100923,0000,84
20100924,0000,96
20100925,0000,101
20100926,0000,108
20100927,0000,110
20100928,0000,99
20100929,0000,95
20100930,0000,96
20101001,0000,89
20101002,0000,88
20101003,0000,81
20101004,0000,60
20101005,0000,58
20101006,0000,62
20101007,0000,70
20101008,0000,81
20101009,0000,88
20101010,0000,95
20101011,0000,88
20101012,0000,83
20101013,0000,94
20101014,0000,79
20101015,0000,74
20101016,0000,61
20101017,0000,59
20101018,0000,58
20101019,0000,60
20101020,0000,59
20101021,0000,58
20101022,0000,66
20101023,0000,63
20101024,0000,69
20101025,0000,69
20101026,0000,70
20101027,0000,72
20101028,0000,83
20101029,0000,78
20101030,0000,65
20101031,0000,69
20101101,0000,82
20101102,0000,91
20101103,0000,97
20101104,0000,95
20101105,0000,88
20101106,0000,75
20101107,0000,68
20101108,0000,67
20101109,0000,68
20101110,0000,64
20101111,0000,64
20101112,0000,74
20101113,0000,76
20101114,0000,82
20101115,0000,78
20101116,0000,72
20101117,0000,77
20101118,0000,76
20101119,0000,53
20101120,0000,52
20101121,0000,57
20101122,0000,59
20101123,0000,57
20101124,0000,56
20101125,0000,55
20101126,0000,68
20101127,0000,59
20101128,0000,58
20101129,0000,54
20101130,0000,61
20101201,0000,75
20101202,0000,76
20101203,0000,71
20101204,0000,65
20101205,0000,68
20101206,0000,66
20101207,0000,77
20101208,0000,75
20101209,0000,70
20101210,0000,70
20101211,0000,78
20101212,0000,83
20101213,0000,82
20101214,0000,67
20101215,0000,55
20101216,0000,59
20101217,0000,54
20101218,0000,55
20101219,0000,55
20101220,0000,56
20101221,0000,54
20101222,0000,53
20101223,0000,61
20101224,0000,67
20101225,0000,64
20101226,0000,56
20101227,0000,65
20101228,0000,64
20101229,0000,51
20101230,0000,50
20101231,0000,58
20110101,0000,57
20110102,0000,53
20110103,0000,49
20110104,0000,63
20110105,0000,70
20110106,0000,69
20110107,0000,60
20110108,0000,57
20110109,0000,58
20110110,0000,57
20110111,0000,66
20110112,0000,71
20110113,0000,74
20110114,0000,73
20110115,0000,79
20110116,0000,81
20110117,0000,85
20110118,0000,81
20110119,0000,70
20110120,0000,67
20110121,0000,73
20110122,0000,71
20110123,0000,68
20110124,0000,74
20110125,0000,73
20110126,0000,70
20110127,0000,72
20110128,0000,76
20110129,0000,66
20110130,0000,53
20110131,0000,60
20110201,0000,64
20110202,0000,54
20110203,0000,61
20110204,0000,66
20110205,0000,68
20110206,0000,75
20110207,0000,75
20110208,0000,64
20110209,0000,61
20110210,0000,62
20110211,0000,71
20110212,0000,80
20110213,0000,74
20110214,0000,64
20110215,0000,65
20110216,0000,53
20110217,0000,60
20110218,0000,59
20110219,0000,52
20110220,0000,56
20110221,0000,58
20110222,0000,60
20110223,0000,56
20110224,0000,56
20110225,0000,51
20110226,0000,50
20110227,0000,56
20110228,0000,67
20110301,0000,64
20110302,0000,64
20110303,0000,66
20110304,0000,75
20110305,0000,78
20110306,0000,66
20110307,0000,57
20110308,0000,72
20110309,0000,80
20110310,0000,79
20110311,0000,72
20110312,0000,66
20110313,0000,68
20110314,0000,73
20110315,0000,79
20110316,0000,70
20110317,0000,71
20110318,0000,68
20110319,0000,60
20110320,0000,51
20110321,0000,54
20110322,0000,59
20110323,0000,62
20110324,0000,57
20110325,0000,62
20110326,0000,58
20110327,0000,60
20110328,0000,64
20110329,0000,73
20110330,0000,82
20110331,0000,89
20110401,0000,88
20110402,0000,68
20110403,0000,69
20110404,0000,78
20110405,0000,74
20110406,0000,70
20110407,0000,58
20110408,0000,58
20110409,0000,55
20110410,0000,66
20110411,0000,73
20110412,0000,70
20110413,0000,64
20110414,0000,75
20110415,0000,85
20110416,0000,89
20110417,0000,80
20110418,0000,59
20110419,0000,69
20110420,0000,69
20110421,0000,65
20110422,0000,68
20110423,0000,68
20110424,0000,61
20110425,0000,75
20110426,0000,76
20110427,0000,85
20110428,0000,81
20110429,0000,73
20110430,0000,70
20110501,0000,77
20110502,0000,83
20110503,0000,94
20110504,0000,92
20110505,0000,89
20110506,0000,79
20110507,0000,73
20110508,0000,63
20110509,0000,62
20110510,0000,71
20110511,0000,75
20110512,0000,81
20110513,0000,80
20110514,0000,63
20110515,0000,64
20110516,0000,66
20110517,0000,65
20110518,0000,60
20110519,0000,67
20110520,0000,74
20110521,0000,79
20110522,0000,73
20110523,0000,69
20110524,0000,74
20110525,0000,78
20110526,0000,75
20110527,0000,79
20110528,0000,73
20110529,0000,68
20110530,0000,79
20110531,0000,81
20110601,0000,72
20110602,0000,75
20110603,0000,78
20110604,0000,73
20110605,0000,77
20110606,0000,73
20110607,0000,76
20110608,0000,73
20110609,0000,74
20110610,0000,71
20110611,0000,72
20110612,0000,74
20110613,0000,79
20110614,0000,82
20110615,0000,82
20110616,0000,77
20110617,0000,73
20110618,0000,78
20110619,0000,72
20110620,0000,85
20110621,0000,90
20110622,0000,84
20110623,0000,82
20110624,0000,81
20110625,0000,84
20110626,0000,84
20110627,0000,88
20110628,0000,81
20110629,0000,81
20110630,0000,87
20110701,0000,94
20110702,0000,93
20110703,0000,89
20110704,0000,92
20110705,0000,92
20110706,0000,94
20110707,0000,93
20110708,0000,89
20110709,0000,87
20110710,0000,84
20110711,0000,83
20110712,0000,82
20110713,0000,79
20110714,0000,76
20110715,0000,80
20110716,0000,80
20110717,0000,87
20110718,0000,91
20110719,0000,93
20110720,0000,88
20110721,0000,86
20110722,0000,85
20110723,0000,86
20110724,0000,89
20110725,0000,92
20110726,0000,88
20110727,0000,81
20110728,0000,82
20110729,0000,83
20110730,0000,84
20110731,0000,88
20110801,0000,96
20110802,0000,98
20110803,0000,93
20110804,0000,90
20110805,0000,85
20110806,0000,86
20110807,0000,88
20110808,0000,84
20110809,0000,83
20110810,0000,80
20110811,0000,79
20110812,0000,82
20110813,0000,83
20110814,0000,87
20110815,0000,87
20110816,0000,90
20110817,0000,91
20110818,0000,88
20110819,0000,84
20110820,0000,83
20110821,0000,82
20110822,0000,91
20110823,0000,95
20110824,0000,94
20110825,0000,99
20110826,0000,103
20110827,0000,103
20110828,0000,94
20110829,0000,96
20110830,0000,87
20110831,0000,86
20110901,0000,86
20110902,0000,85
20110903,0000,88
20110904,0000,87
20110905,0000,90
20110906,0000,100
20110907,0000,103
20110908,0000,99
20110909,0000,87
20110910,0000,74
20110911,0000,81
20110912,0000,87
20110913,0000,86
20110914,0000,83
20110915,0000,82
20110916,0000,77
20110917,0000,78
20110918,0000,87
20110919,0000,90
20110920,0000,84
20110921,0000,84
20110922,0000,92
20110923,0000,85
20110924,0000,78
20110925,0000,74
20110926,0000,79
20110927,0000,94
20110928,0000,81
20110929,0000,87
20110930,0000,89
20111001,0000,93
20111002,0000,90
20111003,0000,83
20111004,0000,66
20111005,0000,58
20111006,0000,65
20111007,0000,75
20111008,0000,80
20111009,0000,84
20111010,0000,83
20111011,0000,86
20111012,0000,98
20111013,0000,101
20111014,0000,89
20111015,0000,78
20111016,0000,80
20111017,0000,86
20111018,0000,81
20111019,0000,76
20111020,0000,75
20111021,0000,76
20111022,0000,90
20111023,0000,90
20111024,0000,71
20111025,0000,64
20111026,0000,72
20111027,0000,77
20111028,0000,84
20111029,0000,82
20111030,0000,88
20111031,0000,83
20111101,0000,74
20111102,0000,73
20111103,0000,75
20111104,0000,53
20111105,0000,61
20111106,0000,56
20111107,0000,64
20111108,0000,m
20111109,0000,m
20111110,0000,m
20111111,0000,m
20111112,0000,m
20111113,0000,m
20111114,0000,m
20111115,0000,m
20111116,0000,m
20111117,0000,72
20111118,0000,53
20111119,0000,55
20111120,0000,53
20111121,0000,60
20111122,0000,68
20111123,0000,65
20111124,0000,58
20111125,0000,67
20111126,0000,77
20111127,0000,78
20111128,0000,81
20111129,0000,80
20111130,0000,69
20111201,0000,58
20111202,0000,61
20111203,0000,55
20111204,0000,60
20111205,0000,54
20111206,0000,60
20111207,0000,67
20111208,0000,65
20111209,0000,69
20111210,0000,68
20111211,0000,57
20111212,0000,46
20111213,0000,56
20111214,0000,60
20111215,0000,56
20111216,0000,58
20111217,0000,58
20111218,0000,57
20111219,0000,51
20111220,0000,62
20111221,0000,61
20111222,0000,53
20111223,0000,63
20111224,0000,68
20111225,0000,70
20111226,0000,70
20111227,0000,69
20111228,0000,78
20111229,0000,74
20111230,0000,70
20111231,0000,78
20120101,0000,84
20120102,0000,84
20120103,0000,80
20120104,0000,85
20120105,0000,83
20120106,0000,73
20120107,0000,62
20120108,0000,68
20120109,0000,75
20120110,0000,69
20120111,0000,68
20120112,0000,71
20120113,0000,71
20120114,0000,69
20120115,0000,63
20120116,0000,49
20120117,0000,57
20120118,0000,65
20120119,0000,64
20120120,0000,61
20120121,0000,54
20120122,0000,57
20120123,0000,51
20120124,0000,63
20120125,0000,75
20120126,0000,78
20120127,0000,68
20120128,0000,68
20120129,0000,77
20120130,0000,68
20120131,0000,65
20120201,0000,67
20120202,0000,66
20120203,0000,62
20120204,0000,66
20120205,0000,69
20120206,0000,67
20120207,0000,60
20120208,0000,69
20120209,0000,80
20120210,0000,74
20120211,0000,58
20120212,0000,58
20120213,0000,52
20120214,0000,60
20120215,0000,50
20120216,0000,60
20120217,0000,69
20120218,0000,62
20120219,0000,57
20120220,0000,58
20120221,0000,70
20120222,0000,78
20120223,0000,76
20120224,0000,72
20120225,0000,67
20120226,0000,64
20120227,0000,51
20120228,0000,52
20120229,0000,56
20120301,0000,58
20120302,0000,63
20120303,0000,76
20120304,0000,86
20120305,0000,83
20120306,0000,60
20120307,0000,59
20120308,0000,70
20120309,0000,77
20120310,0000,75
20120311,0000,64
20120312,0000,66
20120313,0000,65
20120314,0000,64
20120315,0000,66
20120316,0000,57
20120317,0000,85
20120318,0000,53
20120319,0000,58
20120320,0000,67
20120321,0000,72
20120322,0000,71
20120323,0000,65
20120324,0000,64
20120325,0000,61
20120326,0000,59
20120327,0000,63
20120328,0000,65
20120329,0000,65
20120330,0000,65
20120331,0000,56
20120401,0000,62
20120402,0000,74
20120403,0000,73
20120404,0000,71
20120405,0000,63
20120406,0000,69
20120407,0000,82
20120408,0000,79
20120409,0000,78
20120410,0000,66
20120411,0000,58
20120412,0000,57
20120413,0000,52
20120414,0000,56
20120415,0000,65
20120416,0000,76
20120417,0000,79
20120418,0000,74
20120419,0000,74
20120420,0000,86
20120421,0000,79
20120422,0000,67
20120423,0000,55
20120424,0000,69
20120425,0000,84
20120426,0000,65
20120427,0000,68
20120428,0000,79
20120429,0000,72
20120430,0000,64
20120501,0000,55
20120502,0000,56
20120503,0000,62
20120504,0000,68
20120505,0000,72
20120506,0000,72
20120507,0000,76
20120508,0000,80
20120509,0000,82
20120510,0000,74
20120511,0000,72
20120512,0000,76
20120513,0000,77
20120514,0000,79
20120515,0000,75
20120516,0000,80
20120517,0000,77
20120518,0000,71
20120519,0000,77
20120520,0000,86
20120521,0000,84
20120522,0000,80
20120523,0000,75
20120524,0000,64
20120525,0000,61
20120526,0000,65
20120527,0000,74
20120528,0000,81
20120529,0000,80
20120530,0000,77
20120531,0000,82
20120601,0000,79
20120602,0000,77
20120603,0000,74
20120604,0000,68
20120605,0000,71
20120606,0000,76
20120607,0000,80
20120608,0000,76
20120609,0000,72
20120610,0000,m
20120611,0000,m
20120612,0000,77
20120613,0000,73
20120614,0000,74
20120615,0000,69
20120616,0000,76
20120617,0000,85
20120618,0000,80
20120619,0000,75
20120620,0000,76
20120621,0000,75
20120622,0000,77
20120623,0000,77
20120624,0000,79
20120625,0000,78
20120626,0000,80
20120627,0000,83
20120628,0000,83
20120629,0000,83
20120630,0000,80
20120701,0000,78
20120702,0000,77
20120703,0000,75
20120704,0000,72
20120705,0000,72
20120706,0000,78
20120707,0000,79
20120708,0000,84
20120709,0000,88
20120710,0000,93
20120711,0000,92
20120712,0000,88
20120713,0000,90
20120714,0000,84
20120715,0000,78
20120716,0000,75
20120717,0000,75
20120718,0000,84
20120719,0000,89
20120720,0000,87
20120721,0000,85
20120722,0000,82
20120723,0000,80
20120724,0000,80
20120725,0000,80
20120726,0000,79
20120727,0000,78
20120728,0000,81
20120729,0000,80
20120730,0000,80
20120731,0000,80
20120801,0000,85
20120802,0000,81
20120803,0000,79
20120804,0000,78
20120805,0000,86
20120806,0000,92
20120807,0000,94
20120808,0000,94
20120809,0000,93
20120810,0000,95
20120811,0000,93
20120812,0000,97
20120813,0000,93
20120814,0000,92
20120815,0000,86
20120816,0000,92
20120817,0000,94
20120818,0000,90
20120819,0000,89
20120820,0000,88
20120821,0000,83
20120822,0000,81
20120823,0000,81
20120824,0000,77
20120825,0000,80
20120826,0000,83
20120827,0000,92
20120828,0000,95
20120829,0000,91
20120830,0000,89
20120831,0000,86
20120901,0000,89
20120902,0000,86
20120903,0000,90
20120904,0000,92
20120905,0000,86
20120906,0000,85
20120907,0000,85
20120908,0000,87
20120909,0000,93
20120910,0000,87
20120911,0000,76
20120912,0000,85
20120913,0000,93
20120914,0000,102
20120915,0000,99
20120916,0000,88
20120917,0000,82
20120918,0000,84
20120919,0000,88
20120920,0000,91
20120921,0000,91
20120922,0000,93
20120923,0000,97
20120924,0000,86
20120925,0000,79
20120926,0000,80
20120927,0000,85
20120928,0000,86
20120929,0000,91
20120930,0000,94
20121001,0000,100
20121002,0000,95
20121003,0000,86
20121004,0000,78
20121005,0000,76
20121006,0000,78
20121007,0000,78
20121008,0000,75
20121009,0000,71
20121010,0000,69
20121011,0000,64
20121012,0000,65
20121013,0000,77
20121014,0000,90
20121015,0000,89
20121016,0000,90
20121017,0000,94
20121018,0000,82
20121019,0000,76
20121020,0000,63
20121021,0000,68
20121022,0000,67
20121023,0000,66
20121024,0000,68
20121025,0000,78
20121026,0000,75
20121027,0000,86
20121028,0000,84
20121029,0000,82
20121030,0000,79
20121031,0000,71
20121101,0000,66
20121102,0000,69
20121103,0000,78
20121104,0000,88
20121105,0000,90
20121106,0000,81
20121107,0000,71
20121108,0000,59
20121109,0000,56
20121110,0000,59
20121111,0000,60
20121112,0000,72
20121113,0000,80
20121114,0000,75
20121115,0000,67
20121116,0000,68
20121117,0000,63
20121118,0000,66
20121119,0000,68
20121120,0000,71
20121121,0000,65
20121122,0000,70
20121123,0000,81
20121124,0000,87
20121125,0000,69
20121126,0000,66
20121127,0000,70
20121128,0000,65
20121129,0000,61
20121130,0000,59
20121201,0000,61
20121202,0000,58
20121203,0000,62
20121204,0000,65
20121205,0000,68
20121206,0000,64
20121207,0000,69
20121208,0000,64
20121209,0000,65
20121210,0000,74
20121211,0000,70
20121212,0000,56
20121213,0000,52
20121214,0000,52
20121215,0000,55
20121216,0000,50
20121217,0000,57
20121218,0000,53
20121219,0000,52
20121220,0000,64
20121221,0000,61
20121222,0000,58
20121223,0000,57
20121224,0000,57
20121225,0000,56
20121226,0000,54
20121227,0000,57
20121228,0000,59
20121229,0000,48
20121230,0000,50
20121231,0000,54
20130101,0000,53
20130102,0000,61
20130103,0000,63
20130104,0000,62
20130105,0000,60
20130106,0000,51
20130107,0000,61
20130108,0000,68
20130109,0000,65
20130110,0000,53
20130111,0000,52
20130112,0000,53
20130113,0000,52
20130114,0000,46
20130115,0000,57
20130116,0000,66
20130117,0000,68
20130118,0000,70
20130119,0000,71
20130120,0000,72
20130121,0000,77
20130122,0000,79
20130123,0000,75
20130124,0000,61
20130125,0000,61
20130126,0000,59
20130127,0000,53
20130128,0000,55
20130129,0000,56
20130130,0000,67
20130131,0000,72
20130201,0000,73
20130202,0000,72
20130203,0000,71
20130204,0000,66
20130205,0000,54
20130206,0000,60
20130207,0000,58
20130208,0000,45
20130209,0000,52
20130210,0000,48
20130211,0000,55
20130212,0000,61
20130213,0000,63
20130214,0000,72
20130215,0000,72
20130216,0000,79
20130217,0000,65
20130218,0000,62
20130219,0000,46
20130220,0000,55
20130221,0000,55
20130222,0000,63
20130223,0000,61
20130224,0000,58
20130225,0000,66
20130226,0000,68
20130227,0000,68
20130228,0000,76
20130301,0000,79
20130302,0000,82
20130303,0000,70
20130304,0000,67
20130305,0000,62
20130306,0000,60
20130307,0000,56
20130308,0000,49
20130309,0000,59
20130310,0000,70
20130311,0000,74
20130312,0000,78
20130313,0000,86
20130314,0000,84
20130315,0000,78
20130316,0000,68
20130317,0000,69
20130318,0000,60
20130319,0000,69
20130320,0000,69
20130321,0000,69
20130322,0000,69
20130323,0000,69
20130324,0000,74
20130325,0000,76
20130326,0000,70
20130327,0000,68
20130328,0000,73
20130329,0000,74
20130330,0000,72
20130331,0000,67
20130401,0000,61
20130402,0000,69
20130403,0000,77
20130404,0000,74
20130405,0000,69
20130406,0000,69
20130407,0000,72
20130408,0000,63
20130409,0000,71
20130410,0000,79
20130411,0000,73
20130412,0000,72
20130413,0000,63
20130414,0000,59
20130415,0000,58
20130416,0000,59
20130417,0000,69
20130418,0000,76
20130419,0000,84
20130420,0000,82
20130421,0000,80
20130422,0000,74
20130423,0000,75
20130424,0000,55
20130425,0000,69
20130426,0000,73
20130427,0000,77
20130428,0000,78
20130429,0000,73
20130430,0000,68
20130501,0000,77
20130502,0000,86
20130503,0000,91
20130504,0000,73
20130505,0000,59
20130506,0000,57
20130507,0000,66
20130508,0000,64
20130509,0000,70
20130510,0000,76
20130511,0000,87
20130512,0000,92
20130513,0000,96
20130514,0000,81
20130515,0000,73
20130516,0000,72
20130517,0000,69
20130518,0000,72
20130519,0000,74
20130520,0000,82
20130521,0000,82
20130522,0000,72
20130523,0000,69
20130524,0000,70
20130525,0000,71
20130526,0000,69
20130527,0000,73
20130528,0000,72
20130529,0000,79
20130530,0000,78
20130531,0000,78
20130601,0000,83
20130602,0000,73
20130603,0000,73
20130604,0000,73
20130605,0000,74
20130606,0000,73
20130607,0000,76
20130608,0000,72
20130609,0000,74
20130610,0000,74
20130611,0000,84
20130612,0000,72
20130613,0000,76
20130614,0000,75
20130615,0000,73
20130616,0000,76
20130617,0000,79
20130618,0000,78
20130619,0000,77
20130620,0000,78
20130621,0000,79
20130622,0000,76
20130623,0000,73
20130624,0000,72
20130625,0000,75
20130626,0000,85
20130627,0000,91
20130628,0000,91
20130629,0000,93
20130630,0000,91
20130701,0000,94
20130702,0000,82
20130703,0000,84
20130704,0000,85
20130705,0000,79
20130706,0000,79
20130707,0000,84
20130708,0000,90
20130709,0000,85
20130710,0000,77
20130711,0000,76
20130712,0000,81
20130713,0000,82
20130714,0000,86
20130715,0000,84
20130716,0000,84
20130717,0000,86
20130718,0000,84
20130719,0000,79
20130720,0000,74
20130721,0000,71
20130722,0000,82
20130723,0000,80
20130724,0000,82
20130725,0000,81
20130726,0000,84
20130727,0000,80
20130728,0000,77
20130729,0000,78
20130730,0000,78
20130731,0000,74
20130801,0000,77
20130802,0000,78
20130803,0000,77
20130804,0000,79
20130805,0000,81
20130806,0000,79
20130807,0000,79
20130808,0000,79
20130809,0000,76
20130810,0000,75
20130811,0000,80
20130812,0000,81
20130813,0000,83
20130814,0000,83
20130815,0000,87
20130816,0000,86
20130817,0000,88
20130818,0000,81
20130819,0000,82
20130820,0000,85
20130821,0000,90
20130822,0000,90
20130823,0000,88
20130824,0000,85
20130825,0000,86
20130826,0000,89
20130827,0000,88
20130828,0000,91
20130829,0000,94
20130830,0000,90
20130831,0000,88
20130901,0000,87
20130902,0000,88
20130903,0000,92
20130904,0000,94
20130905,0000,94
20130906,0000,96
20130907,0000,95
20130908,0000,86
20130909,0000,81
20130910,0000,77
20130911,0000,78
20130912,0000,86
20130913,0000,86
20130914,0000,89
20130915,0000,93
20130916,0000,94
20130917,0000,78
20130918,0000,76
20130919,0000,78
20130920,0000,70
20130921,0000,74
20130922,0000,75
20130923,0000,91
20130924,0000,85
20130925,0000,74
20130926,0000,70
20130927,0000,82
20130928,0000,86
20130929,0000,85
20130930,0000,81
20131001,0000,81
20131002,0000,74
20131003,0000,70
20131004,0000,78
20131005,0000,82
20131006,0000,89
20131007,0000,82
20131008,0000,70
20131009,0000,55
20131010,0000,66
20131011,0000,72
20131012,0000,72
20131013,0000,68
20131014,0000,79
20131015,0000,83
20131016,0000,83
20131017,0000,80
20131018,0000,85
20131019,0000,85
20131020,0000,77
20131021,0000,76
20131022,0000,76
20131023,0000,66
20131024,0000,68
20131025,0000,74
20131026,0000,81
20131027,0000,73
20131028,0000,56
20131029,0000,61
20131030,0000,m
20131031,0000,m
20131101,0000,m
20131102,0000,m
20131103,0000,66
20131104,0000,61
20131105,0000,69
20131106,0000,76
20131107,0000,82
20131108,0000,77
20131109,0000,76
20131110,0000,82
20131111,0000,79
20131112,0000,82
20131113,0000,91
20131114,0000,86
20131115,0000,63
20131116,0000,59
20131117,0000,63
20131118,0000,64
20131119,0000,62
20131120,0000,60
20131121,0000,55
20131122,0000,52
20131123,0000,59
20131124,0000,62
20131125,0000,71
20131126,0000,74
20131127,0000,70
20131128,0000,65
20131129,0000,61
20131130,0000,72
20131201,0000,74
20131202,0000,75
20131203,0000,60
20131204,0000,60
20131205,0000,55
20131206,0000,53
20131207,0000,47
20131208,0000,51
20131209,0000,51
20131210,0000,65
20131211,0000,68
20131212,0000,65
20131213,0000,63
20131214,0000,69
20131215,0000,76
20131216,0000,82
20131217,0000,79
20131218,0000,73
20131219,0000,49
20131220,0000,59
20131221,0000,58
20131222,0000,68
20131223,0000,69
20131224,0000,77
20131225,0000,71
20131226,0000,72
20131227,0000,79
20131228,0000,71
20131229,0000,68
20131230,0000,74
20131231,0000,70
20140101,0000,72
20140102,0000,79
20140103,0000,72
20140104,0000,69
20140105,0000,70
20140106,0000,78
20140107,0000,67
20140108,0000,66
20140109,0000,59
20140110,0000,68
20140111,0000,71
20140112,0000,67
20140113,0000,72
20140114,0000,75
20140115,0000,77
20140116,0000,77
20140117,0000,83
20140118,0000,80
20140119,0000,78
20140120,0000,82
20140121,0000,77
20140122,0000,76
20140123,0000,70
20140124,0000,68
20140125,0000,75
20140126,0000,64
20140127,0000,68
20140128,0000,68
20140129,0000,75
20140130,0000,58
20140131,0000,55
20140201,0000,58
20140202,0000,58
20140203,0000,59
20140204,0000,56
20140205,0000,60
20140206,0000,52
20140207,0000,58
20140208,0000,64
20140209,0000,62
20140210,0000,68
20140211,0000,73
20140212,0000,78
20140213,0000,81
20140214,0000,81
20140215,0000,80
20140216,0000,75
20140217,0000,70
20140218,0000,67
20140219,0000,66
20140220,0000,81
20140221,0000,75
20140222,0000,73
20140223,0000,73
20140224,0000,73
20140225,0000,68
20140226,0000,62
20140227,0000,67
20140228,0000,57
20140301,0000,55
20140302,0000,55
20140303,0000,65
20140304,0000,65
20140305,0000,73
20140306,0000,68
20140307,0000,70
20140308,0000,77
20140309,0000,82
20140310,0000,78
20140311,0000,71
20140312,0000,71
20140313,0000,66
20140314,0000,72
20140315,0000,82
20140316,0000,88
20140317,0000,72
20140318,0000,74
20140319,0000,74
20140320,0000,73
20140321,0000,65
20140322,0000,62
20140323,0000,67
20140324,0000,64
20140325,0000,58
20140326,0000,58
20140327,0000,60
20140328,0000,68
20140329,0000,73
20140330,0000,68
20140331,0000,63
20140401,0000,59
20140402,0000,57
20140403,0000,65
20140404,0000,60
20140405,0000,63
20140406,0000,79
20140407,0000,84
20140408,0000,90
20140409,0000,90
20140410,0000,82
20140411,0000,79
20140412,0000,65
20140413,0000,65
20140414,0000,81
20140415,0000,76
20140416,0000,73
20140417,0000,68
20140418,0000,64
20140419,0000,72
20140420,0000,76
20140421,0000,79
20140422,0000,68
20140423,0000,69
20140424,0000,75
20140425,0000,68
20140426,0000,62
20140427,0000,66
20140428,0000,81
20140429,0000,82
20140430,0000,80
20140501,0000,91
20140502,0000,93
20140503,0000,90
20140504,0000,82
20140505,0000,69
20140506,0000,62
20140507,0000,65
20140508,0000,68
20140509,0000,72
20140510,0000,70
20140511,0000,81
20140512,0000,88
20140513,0000,86
20140514,0000,94
20140515,0000,99
20140516,0000,95
20140517,0000,83
20140518,0000,76
20140519,0000,73
20140520,0000,66
20140521,0000,70
20140522,0000,62
20140523,0000,70
20140524,0000,61
20140525,0000,77
20140526,0000,81
20140527,0000,82
20140528,0000,82
20140529,0000,78
20140530,0000,82
20140531,0000,83
20140601,0000,82
20140602,0000,77
20140603,0000,83
20140604,0000,81
20140605,0000,82
20140606,0000,77
20140607,0000,77
20140608,0000,80
20140609,0000,82
20140610,0000,71
20140611,0000,78
20140612,0000,79
20140613,0000,m
20140614,0000,80
20140615,0000,76
20140616,0000,76
20140617,0000,76
20140618,0000,76
20140619,0000,81
20140620,0000,84
20140621,0000,85
20140622,0000,81
20140623,0000,78
20140624,0000,79
20140625,0000,78
20140626,0000,79
20140627,0000,79
20140628,0000,81
20140629,0000,83
20140630,0000,80
20140701,0000,81
20140702,0000,81
20140703,0000,89
20140704,0000,88
20140705,0000,90
20140706,0000,90
20140707,0000,89
20140708,0000,85
20140709,0000,84
20140710,0000,83
20140711,0000,82
20140712,0000,80
20140713,0000,83
20140714,0000,83
20140715,0000,80
20140716,0000,80
20140717,0000,77
20140718,0000,79
20140719,0000,74
20140720,0000,78
20140721,0000,81
20140722,0000,86
20140723,0000,89
20140724,0000,94
20140725,0000,89
20140726,0000,86
20140727,0000,91
20140728,0000,90
20140729,0000,87
20140730,0000,88
20140731,0000,89
20140801,0000,87
20140802,0000,90
20140803,0000,86
20140804,0000,86
20140805,0000,84
20140806,0000,78
20140807,0000,79
20140808,0000,80
20140809,0000,83
20140810,0000,87
20140811,0000,86
20140812,0000,85
20140813,0000,84
20140814,0000,87
20140815,0000,92
20140816,0000,91
20140817,0000,91
20140818,0000,87
20140819,0000,79
20140820,0000,82
20140821,0000,83
20140822,0000,83
20140823,0000,82
20140824,0000,83
20140825,0000,83
20140826,0000,87
20140827,0000,91
20140828,0000,93
20140829,0000,88
20140830,0000,90
20140831,0000,87
20140901,0000,86
20140902,0000,85
20140903,0000,82
20140904,0000,81
20140905,0000,86
20140906,0000,95
20140907,0000,95
20140908,0000,89
20140909,0000,88
20140910,0000,91
20140911,0000,92
20140912,0000,93
20140913,0000,95
20140914,0000,102
20140915,0000,100
20140916,0000,99
20140917,0000,94
20140918,0000,81
20140919,0000,79
20140920,0000,75
20140921,0000,80
20140922,0000,82
20140923,0000,89
20140924,0000,94
20140925,0000,90
20140926,0000,82
20140927,0000,74
20140928,0000,76
20140929,0000,81
20140930,0000,87
20141001,0000,82
20141002,0000,93
20141003,0000,97
20141004,0000,96
20141005,0000,91
20141006,0000,92
20141007,0000,93
20141008,0000,86
20141009,0000,78
20141010,0000,80
20141011,0000,84
20141012,0000,82
20141013,0000,84
20141014,0000,76
20141015,0000,76
20141016,0000,76
20141017,0000,75
20141018,0000,75
20141019,0000,77
20141020,0000,77
20141021,0000,78
20141022,0000,83
20141023,0000,86
20141024,0000,89
20141025,0000,81
20141026,0000,74
20141027,0000,74
20141028,0000,80
20141029,0000,85
20141030,0000,81
20141031,0000,70
20141101,0000,60
20141102,0000,65
20141103,0000,71
20141104,0000,76
20141105,0000,82
20141106,0000,90
20141107,0000,88
20141108,0000,86
20141109,0000,79
20141110,0000,70
20141111,0000,63
20141112,0000,66
20141113,0000,68
20141114,0000,71
20141115,0000,69
20141116,0000,65
20141117,0000,70
20141118,0000,78
20141119,0000,70
20141120,0000,65
20141121,0000,69
20141122,0000,70
20141123,0000,71
20141124,0000,71
20141125,0000,80
20141126,0000,85
20141127,0000,86
20141128,0000,81
20141129,0000,74
20141130,0000,60
20141201,0000,66
20141202,0000,65
20141203,0000,62
20141204,0000,66
20141205,0000,63
20141206,0000,68
20141207,0000,73
20141208,0000,78
20141209,0000,76
20141210,0000,69
20141211,0000,63
20141212,0000,55
20141213,0000,59
20141214,0000,61
20141215,0000,60
20141216,0000,56
20141217,0000,58
20141218,0000,59
20141219,0000,62
20141220,0000,57
20141221,0000,64
20141222,0000,73
20141223,0000,76
20141224,0000,71
20141225,0000,61
20141226,0000,53
20141227,0000,56
20141228,0000,59
20141229,0000,58
20141230,0000,49
20141231,0000,47
20150101,0000,54
20150102,0000,57
20150103,0000,59
20150104,0000,66
20150105,0000,73
20150106,0000,79
20150107,0000,79
20150108,0000,69
20150109,0000,66
20150110,0000,60
20150111,0000,56
20150112,0000,59
20150113,0000,63
20150114,0000,65
20150115,0000,69
20150116,0000,70
20150117,0000,73
20150118,0000,71
20150119,0000,68
20150120,0000,62
20150121,0000,68
20150122,0000,69
20150123,0000,69
20150124,0000,70
20150125,0000,75
20150126,0000,75
20150127,0000,69
20150128,0000,69
20150129,0000,69
20150130,0000,62
20150131,0000,64
20150201,0000,74
20150202,0000,75
20150203,0000,73
20150204,0000,74
20150205,0000,82
20150206,0000,75
20150207,0000,70
20150208,0000,76
20150209,0000,73
20150210,0000,77
20150211,0000,76
20150212,0000,77
20150213,0000,83
20150214,0000,83
20150215,0000,77
20150216,0000,71
20150217,0000,70
20150218,0000,71
20150219,0000,73
20150220,0000,68
20150221,0000,65
20150222,0000,55
20150223,0000,58
20150224,0000,67
20150225,0000,71
20150226,0000,67
20150227,0000,60
20150228,0000,58
20150301,0000,56
20150302,0000,55
20150303,0000,64
20150304,0000,67
20150305,0000,70
20150306,0000,76
20150307,0000,84
20150308,0000,76
20150309,0000,72
20150310,0000,81
20150311,0000,73
20150312,0000,79
20150313,0000,83
20150314,0000,91
20150315,0000,90
20150316,0000,87
20150317,0000,79
20150318,0000,69
20150319,0000,74
20150320,0000,78
20150321,0000,75
20150322,0000,71
20150323,0000,69
20150324,0000,72
20150325,0000,83
20150326,0000,89
20150327,0000,91
20150328,0000,84
20150329,0000,82
20150330,0000,80
20150331,0000,75
20150401,0000,74
20150402,0000,72
20150403,0000,83
20150404,0000,80
20150405,0000,68
20150406,0000,63
20150407,0000,63
20150408,0000,66
20150409,0000,71
20150410,0000,69
20150411,0000,71
20150412,0000,74
20150413,0000,74
20150414,0000,74
20150415,0000,77
20150416,0000,81
20150417,0000,82
20150418,0000,80
20150419,0000,74
20150420,0000,70
20150421,0000,60
20150422,0000,60
20150423,0000,59
20150424,0000,56
20150425,0000,57
20150426,0000,70
20150427,0000,84
20150428,0000,88
20150429,0000,91
20150430,0000,88
20150501,0000,90
20150502,0000,82
20150503,0000,72
20150504,0000,68
20150505,0000,60
20150506,0000,62
20150507,0000,57
20150508,0000,54
20150509,0000,58
20150510,0000,74
20150511,0000,78
20150512,0000,70
20150513,0000,67
20150514,0000,60
20150515,0000,61
20150516,0000,63
20150517,0000,65
20150518,0000,66
20150519,0000,69
20150520,0000,69
20150521,0000,63
20150522,0000,59
20150523,0000,65
20150524,0000,62
20150525,0000,64
20150526,0000,72
20150527,0000,72
20150528,0000,77
20150529,0000,79
20150530,0000,79
20150531,0000,73
20150601,0000,76
20150602,0000,74
20150603,0000,73
20150604,0000,66
20150605,0000,70
20150606,0000,73
20150607,0000,82
20150608,0000,95
20150609,0000,85
20150610,0000,77
20150611,0000,75
20150612,0000,70
20150613,0000,70
20150614,0000,81
20150615,0000,82
20150616,0000,81
20150617,0000,82
20150618,0000,86
20150619,0000,87
20150620,0000,87
20150621,0000,79
20150622,0000,82
20150623,0000,85
20150624,0000,87
20150625,0000,84
20150626,0000,85
20150627,0000,83
20150628,0000,94
20150629,0000,88
20150630,0000,89
20150701,0000,83
20150702,0000,86
20150703,0000,84
20150704,0000,79
20150705,0000,76
20150706,0000,77
20150707,0000,75
20150708,0000,75
20150709,0000,71
20150710,0000,74
20150711,0000,77
20150712,0000,82
20150713,0000,84
20150714,0000,83
20150715,0000,80
20150716,0000,80
20150717,0000,84
20150718,0000,84
20150719,0000,86
20150720,0000,78
20150721,0000,71
20150722,0000,78
20150723,0000,82
20150724,0000,85
20150725,0000,88
20150726,0000,82
20150727,0000,80
20150728,0000,84
20150729,0000,84
20150730,0000,85
20150731,0000,87
20150801,0000,82
20150802,0000,85
20150803,0000,86
20150804,0000,87
20150805,0000,91
20150806,0000,80
20150807,0000,77
20150808,0000,79
20150809,0000,78
20150810,0000,78
20150811,0000,80
20150812,0000,91
20150813,0000,92
20150814,0000,96
20150815,0000,98
20150816,0000,98
20150817,0000,83
20150818,0000,83
20150819,0000,80
20150820,0000,82
20150821,0000,80
20150822,0000,83
20150823,0000,86
20150824,0000,87
20150825,0000,88
20150826,0000,92
20150827,0000,94
20150828,0000,97
20150829,0000,95
20150830,0000,88
20150831,0000,82
20150901,0000,80
20150902,0000,79
20150903,0000,78
20150904,0000,77
20150905,0000,80
20150906,0000,90
20150907,0000,92
20150908,0000,99
20150909,0000,97
20150910,0000,92
20150911,0000,93
20150912,0000,92
20150913,0000,88
20150914,0000,78
20150915,0000,72
20150916,0000,72
20150917,0000,78
20150918,0000,88
20150919,0000,89
20150920,0000,100
20150921,0000,85
20150922,0000,83
20150923,0000,87
20150924,0000,90
20150925,0000,92
20150926,0000,90
20150927,0000,89
20150928,0000,87
20150929,0000,85
20150930,0000,88
20151001,0000,85
20151002,0000,79
20151003,0000,80
20151004,0000,62
20151005,0000,69
20151006,0000,76
20151007,0000,82
20151008,0000,91
20151009,0000,95
20151010,0000,97
20151011,0000,96
20151012,0000,87
20151013,0000,88
20151014,0000,86
20151015,0000,75
20151016,0000,72
20151017,0000,78
20151018,0000,73
20151019,0000,71
20151020,0000,77
20151021,0000,80
20151022,0000,77
20151023,0000,84
20151024,0000,87
20151025,0000,84
20151026,0000,87
20151027,0000,85
20151028,0000,79
20151029,0000,81
20151030,0000,81
20151031,0000,87
20151101,0000,83
20151102,0000,70
20151103,0000,62
20151104,0000,65
20151105,0000,68
20151106,0000,69
20151107,0000,73
20151108,0000,75
20151109,0000,62
20151110,0000,63
20151111,0000,68
20151112,0000,73
20151113,0000,77
20151114,0000,76
20151115,0000,64
20151116,0000,61
20151117,0000,72
20151118,0000,76
20151119,0000,81
20151120,0000,82
20151121,0000,80
20151122,0000,83
20151123,0000,78
20151124,0000,66
20151125,0000,56
20151126,0000,57
20151127,0000,56
20151128,0000,58
20151129,0000,64
20151130,0000,65
20151201,0000,69
20151202,0000,79
20151203,0000,73
20151204,0000,62
20151205,0000,75
20151206,0000,78
20151207,0000,80
20151208,0000,80
20151209,0000,76
20151210,0000,65
20151211,0000,56
20151212,0000,62
20151213,0000,61
20151214,0000,56
20151215,0000,55
20151216,0000,59
20151217,0000,64
20151218,0000,70
20151219,0000,61
20151220,0000,55
20151221,0000,58
20151222,0000,56
20151223,0000,59
20151224,0000,58
20151225,0000,56
20151226,0000,51
20151227,0000,62
20151228,0000,51
20151229,0000,59
20151230,0000,61
20151231,0000,56
20160101,0000,60
20160102,0000,61
20160103,0000,58
20160104,0000,63
20160105,0000,52
20160106,0000,49
20160107,0000,51
20160108,0000,56
20160109,0000,54
20160110,0000,56
20160111,0000,58
20160112,0000,68
20160113,0000,62
20160114,0000,60
20160115,0000,59
20160116,0000,61
20160117,0000,68
20160118,0000,61
20160119,0000,60
20160120,0000,65
20160121,0000,73
20160122,0000,67
20160123,0000,59
20160124,0000,64
20160125,0000,65
20160126,0000,67
20160127,0000,70
20160128,0000,71
20160129,0000,69
20160130,0000,58
20160131,0000,52
20160201,0000,53
20160202,0000,56
20160203,0000,57
20160204,0000,63
20160205,0000,67
20160206,0000,71
20160207,0000,75
20160208,0000,76
20160209,0000,81
20160210,0000,83
20160211,0000,82
20160212,0000,82
20160213,0000,76
20160214,0000,82
20160215,0000,81
20160216,0000,85
20160217,0000,74
20160218,0000,64
20160219,0000,66
20160220,0000,70
20160221,0000,72
20160222,0000,78
20160223,0000,81
20160224,0000,78
20160225,0000,79
20160226,0000,77
20160227,0000,74
20160228,0000,74
20160229,0000,78
20160301,0000,79
20160302,0000,73
20160303,0000,73
20160304,0000,71
20160305,0000,65
20160306,0000,61
20160307,0000,51
20160308,0000,65
20160309,0000,69
20160310,0000,75
20160311,0000,63
20160312,0000,60
20160313,0000,60
20160314,0000,64
20160315,0000,76
20160316,0000,81
20160317,0000,78
20160318,0000,74
20160319,0000,71
20160320,0000,74
20160321,0000,70
20160322,0000,68
20160323,0000,74
20160324,0000,79
20160325,0000,76
20160326,0000,76
20160327,0000,71
20160328,0000,58
20160329,0000,61
20160330,0000,60
20160331,0000,69
20160401,0000,70
20160402,0000,78
20160403,0000,79
20160404,0000,81
20160405,0000,86
20160406,0000,91
20160407,0000,64
20160408,0000,57
20160409,0000,58
20160410,0000,67
20160411,0000,71
20160412,0000,71
20160413,0000,71
20160414,0000,68
20160415,0000,75
20160416,0000,83
20160417,0000,84
20160418,0000,87
20160419,0000,87
20160420,0000,85
20160421,0000,80
20160422,0000,72
20160423,0000,74
20160424,0000,73
20160425,0000,61
20160426,0000,69
20160427,0000,68
20160428,0000,64
20160429,0000,66
20160430,0000,66
20160501,0000,70
20160502,0000,79
20160503,0000,79
20160504,0000,72
20160505,0000,60
20160506,0000,56
20160507,0000,61
20160508,0000,64
20160509,0000,66
20160510,0000,68
20160511,0000,76
20160512,0000,77
20160513,0000,78
20160514,0000,70
20160515,0000,67
20160516,0000,60
20160517,0000,70
20160518,0000,74
20160519,0000,74
20160520,0000,65
20160521,0000,63
20160522,0000,71
20160523,0000,69
20160524,0000,67
20160525,0000,66
20160526,0000,70
20160527,0000,74
20160528,0000,73
20160529,0000,69
20160530,0000,73
20160531,0000,74
20160601,0000,74
20160602,0000,87
20160603,0000,95
20160604,0000,88
20160605,0000,75
20160606,0000,76
20160607,0000,77
20160608,0000,79
20160609,0000,74
20160610,0000,80
20160611,0000,59
20160612,0000,64
20160613,0000,71
20160614,0000,71
20160615,0000,73
20160616,0000,77
20160617,0000,87
20160618,0000,95
20160619,0000,104
20160620,0000,105
20160621,0000,85
20160622,0000,85
20160623,0000,83
20160624,0000,79
20160625,0000,82
20160626,0000,87
20160627,0000,91
20160628,0000,90
20160629,0000,88
20160630,0000,83
20160701,0000,78
20160702,0000,80
20160703,0000,77
20160704,0000,79
20160705,0000,82
20160706,0000,80
20160707,0000,82
20160708,0000,83
20160709,0000,86
20160710,0000,86
20160711,0000,82
20160712,0000,81
20160713,0000,87
20160714,0000,85
20160715,0000,85
20160716,0000,85
20160717,0000,83
20160718,0000,85
20160719,0000,90
20160720,0000,95
20160721,0000,97
20160722,0000,101
20160723,0000,97
20160724,0000,91
20160725,0000,95
20160726,0000,94
20160727,0000,94
20160728,0000,91
20160729,0000,89
20160730,0000,88
20160731,0000,88
20160801,0000,87
20160802,0000,86
20160803,0000,84
20160804,0000,84
20160805,0000,81
20160806,0000,82
20160807,0000,83
20160808,0000,80
20160809,0000,80
20160810,0000,84
20160811,0000,82
20160812,0000,85
20160813,0000,91
20160814,0000,92
20160815,0000,99
20160816,0000,97
20160817,0000,93
20160818,0000,88
20160819,0000,88
20160820,0000,85
20160821,0000,87
20160822,0000,86
20160823,0000,85
20160824,0000,86
20160825,0000,82
20160826,0000,77
20160827,0000,79
20160828,0000,87
20160829,0000,89
20160830,0000,94
20160831,0000,92
20160901,0000,85
20160902,0000,81
20160903,0000,77
20160904,0000,77
20160905,0000,74
20160906,0000,81
20160907,0000,78
20160908,0000,80
20160909,0000,83
20160910,0000,87
20160911,0000,84
20160912,0000,75
20160913,0000,68
20160914,0000,78
20160915,0000,79
20160916,0000,80
20160917,0000,86
20160918,0000,98
20160919,0000,95
20160920,0000,81
20160921,0000,83
20160922,0000,74
20160923,0000,79
20160924,0000,90
20160925,0000,92
20160926,0000,98
20160927,0000,94
20160928,0000,91
20160929,0000,93
20160930,0000,89
20161001,0000,87
20161002,0000,75
20161003,0000,72
20161004,0000,75
20161005,0000,74
20161006,0000,84
20161007,0000,90
20161008,0000,90
20161009,0000,90
20161010,0000,87
20161011,0000,71
20161012,0000,70
20161013,0000,77
20161014,0000,77
20161015,0000,76
20161016,0000,74
20161017,0000,68
20161018,0000,74
20161019,0000,84
20161020,0000,89
20161021,0000,92
20161022,0000,85
20161023,0000,76
20161024,0000,66
20161025,0000,75
20161026,0000,76
20161027,0000,81
20161028,0000,76
20161029,0000,81
20161030,0000,71
20161031,0000,67
20161101,0000,65
20161102,0000,78
20161103,0000,84
20161104,0000,82
20161105,0000,80
20161106,0000,79
20161107,0000,83
20161108,0000,92
20161109,0000,89
20161110,0000,90
20161111,0000,85
20161112,0000,82
20161113,0000,88
20161114,0000,88
20161115,0000,84
20161116,0000,66
20161117,0000,65
20161118,0000,77
20161119,0000,73
20161120,0000,66
20161121,0000,59
20161122,0000,66
20161123,0000,69
20161124,0000,74
20161125,0000,76
20161126,0000,61
20161127,0000,52
20161128,0000,58
20161129,0000,60
20161130,0000,66
20161201,0000,61
20161202,0000,55
20161203,0000,66
20161204,0000,72
20161205,0000,63
20161206,0000,60
20161207,0000,62
20161208,0000,64
20161209,0000,64
20161210,0000,61
20161211,0000,61
20161212,0000,64
20161213,0000,64
20161214,0000,69
20161215,0000,65
20161216,0000,57
20161217,0000,56
20161218,0000,55
20161219,0000,62
20161220,0000,74
20161221,0000,67
20161222,0000,56
20161223,0000,53
20161224,0000,52
20161225,0000,53
20161226,0000,53
20161227,0000,69
20161228,0000,78
20161229,0000,80
20161230,0000,61
20161231,0000,51
20170101,0000,54
20170102,0000,50
20170103,0000,54
20170104,0000,58
20170105,0000,56
20170106,0000,59
20170107,0000,66
20170108,0000,72
20170109,0000,56
20170110,0000,52
20170111,0000,59
20170112,0000,50
20170113,0000,56
20170114,0000,66
20170115,0000,57
20170116,0000,61
20170117,0000,65
20170118,0000,57
20170119,0000,57
20170120,0000,51
20170121,0000,55
20170122,0000,53
20170123,0000,47
20170124,0000,50
20170125,0000,55
20170126,0000,55
20170127,0000,54
20170128,0000,66
20170129,0000,71
20170130,0000,76
20170131,0000,71
20170201,0000,68
20170202,0000,64
20170203,0000,m
20170204,0000,63
20170205,0000,53
20170206,0000,54
20170207,0000,57
20170208,0000,65
20170209,0000,76
20170210,0000,65
20170211,0000,56
20170212,0000,66
20170213,0000,70
20170214,0000,67
20170215,0000,75
20170216,0000,66
20170217,0000,52
20170218,0000,52
20170219,0000,52
20170220,0000,60
20170221,0000,64
20170222,0000,58
20170223,0000,55
20170224,0000,59
20170225,0000,57
20170226,0000,50
20170227,0000,51
20170228,0000,59
20170301,0000,64
20170302,0000,71
20170303,0000,75
20170304,0000,64
20170305,0000,55
20170306,0000,58
20170307,0000,70
20170308,0000,78
20170309,0000,80
20170310,0000,75
20170311,0000,77
20170312,0000,81
20170313,0000,84
20170314,0000,84
20170315,0000,82
20170316,0000,76
20170317,0000,77
20170318,0000,75
20170319,0000,76
20170320,0000,67
20170321,0000,60
20170322,0000,62
20170323,0000,63
20170324,0000,69
20170325,0000,65
20170326,0000,66
20170327,0000,67
20170328,0000,73
20170329,0000,81
20170330,0000,72
20170331,0000,69
20170401,0000,74
20170402,0000,78
20170403,0000,66
20170404,0000,76
20170405,0000,84
20170406,0000,79
20170407,0000,75
20170408,0000,67
20170409,0000,70
20170410,0000,76
20170411,0000,77
20170412,0000,73
20170413,0000,66
20170414,0000,68
20170415,0000,75
20170416,0000,78
20170417,0000,78
20170418,0000,76
20170419,0000,76
20170420,0000,77
20170421,0000,91
20170422,0000,91
20170423,0000,80
20170424,0000,71
20170425,0000,71
20170426,0000,78
20170427,0000,77
20170428,0000,81
20170429,0000,78
20170430,0000,86
20170501,0000,85
20170502,0000,87
20170503,0000,86
20170504,0000,86
20170505,0000,73
20170506,0000,59
20170507,0000,57
20170508,0000,73
20170509,0000,63
20170510,0000,58
20170511,0000,76
20170512,0000,76
20170513,0000,73
20170514,0000,69
20170515,0000,61
20170516,0000,61
20170517,0000,61
20170518,0000,76
20170519,0000,86
20170520,0000,93
20170521,0000,90
20170522,0000,86
20170523,0000,87
20170524,0000,80
20170525,0000,64
20170526,0000,70
20170527,0000,74
20170528,0000,79
20170529,0000,79
20170530,0000,75
20170531,0000,63
20170601,0000,72
20170602,0000,83
20170603,0000,84
20170604,0000,80
20170605,0000,79
20170606,0000,75
20170607,0000,71
20170608,0000,76
20170609,0000,80
20170610,0000,72
20170611,0000,69
20170612,0000,73
20170613,0000,81
20170614,0000,87
20170615,0000,89
20170616,0000,92
20170617,0000,90
20170618,0000,89
20170619,0000,91
20170620,0000,92
20170621,0000,91
20170622,0000,84
20170623,0000,81
20170624,0000,82
20170625,0000,99
20170626,0000,100
20170627,0000,92
20170628,0000,84
20170629,0000,80
20170630,0000,81
20170701,0000,78
20170702,0000,84
20170703,0000,89
20170704,0000,93
20170705,0000,90
20170706,0000,93
20170707,0000,98
20170708,0000,99
20170709,0000,95
20170710,0000,92
20170711,0000,89
20170712,0000,87
20170713,0000,89
20170714,0000,88
20170715,0000,86
20170716,0000,87
20170717,0000,87
20170718,0000,87
20170719,0000,88
20170720,0000,89
20170721,0000,85
20170722,0000,86
20170723,0000,87
20170724,0000,78
20170725,0000,82
20170726,0000,86
20170727,0000,91
20170728,0000,85
20170729,0000,88
20170730,0000,86
20170731,0000,87
20170801,0000,96
20170802,0000,89
20170803,0000,92
20170804,0000,90
20170805,0000,85
20170806,0000,84
20170807,0000,86
20170808,0000,92
20170809,0000,88
20170810,0000,89
20170811,0000,90
20170812,0000,88
20170813,0000,89
20170814,0000,83
20170815,0000,74
20170816,0000,79
20170817,0000,82
20170818,0000,82
20170819,0000,83
20170820,0000,82
20170821,0000,82
20170822,0000,86
20170823,0000,82
20170824,0000,81
20170825,0000,81
20170826,0000,92
20170827,0000,94
20170828,0000,102
20170829,0000,102
20170830,0000,99
20170831,0000,103
20170901,0000,102
20170902,0000,101
20170903,0000,95
20170904,0000,74
20170905,0000,87
20170906,0000,89
20170907,0000,90
20170908,0000,87
20170909,0000,86
20170910,0000,93
20170911,0000,98
20170912,0000,87
20170913,0000,78
20170914,0000,70
20170915,0000,72
20170916,0000,78
20170917,0000,71
20170918,0000,79
20170919,0000,78
20170920,0000,73
20170921,0000,68
20170922,0000,73
20170923,0000,74
20170924,0000,84
20170925,0000,85
20170926,0000,83
20170927,0000,85
20170928,0000,93
20170929,0000,91
20170930,0000,81
20171001,0000,78
20171002,0000,76
20171003,0000,70
20171004,0000,80
20171005,0000,87
20171006,0000,91
20171007,0000,95
20171008,0000,80
20171009,0000,78
20171010,0000,87
20171011,0000,77
20171012,0000,76
20171013,0000,78
20171014,0000,89
20171015,0000,95
20171016,0000,98
20171017,0000,92
20171018,0000,84
20171019,0000,71
20171020,0000,66
20171021,0000,77
20171022,0000,89
20171023,0000,96
20171024,0000,93
20171025,0000,98
20171026,0000,90
20171027,0000,87
20171028,0000,82
20171029,0000,72
20171030,0000,64
20171031,0000,63
20171101,0000,66
20171102,0000,62
20171103,0000,69
20171104,0000,69
20171105,0000,65
20171106,0000,69
20171107,0000,74
20171108,0000,75
20171109,0000,70
20171110,0000,70
20171111,0000,70
20171112,0000,65
20171113,0000,74
20171114,0000,80
20171115,0000,78
20171116,0000,77
20171117,0000,70
20171118,0000,77
20171119,0000,75
20171120,0000,73
20171121,0000,88
20171122,0000,89
20171123,0000,90
20171124,0000,84
20171125,0000,82
20171126,0000,76
20171127,0000,62
20171128,0000,75
20171129,0000,75
20171130,0000,76
20171201,0000,73
20171202,0000,75
20171203,0000,67
20171204,0000,61
20171205,0000,59
20171206,0000,70
20171207,0000,68
20171208,0000,74
20171209,0000,76
20171210,0000,76
20171211,0000,82
20171212,0000,81
20171213,0000,80
20171214,0000,76
20171215,0000,78
20171216,0000,66
20171217,0000,62
20171218,0000,70
20171219,0000,67
20171220,0000,60
20171221,0000,54
20171222,0000,61
20171223,0000,66
20171224,0000,73
20171225,0000,67
20171226,0000,67
20171227,0000,76
20171228,0000,82
20171229,0000,83
20171230,0000,75
20171231,0000,69
20180101,0000,68
20180102,0000,81
20180103,0000,76
20180104,0000,73
20180105,0000,72
20180106,0000,67
20180107,0000,70
20180108,0000,67
20180109,0000,55
20180110,0000,58
20180111,0000,69
20180112,0000,71
20180113,0000,76
20180114,0000,80
20180115,0000,72
20180116,0000,69
20180117,0000,75
20180118,0000,75
20180119,0000,59
20180120,0000,60
20180121,0000,61
20180122,0000,64
20180123,0000,69
20180124,0000,72
20180125,0000,58
20180126,0000,63
20180127,0000,67
20180128,0000,75
20180129,0000,79
20180130,0000,78
20180131,0000,78
20180201,0000,79
20180202,0000,81
20180203,0000,79
20180204,0000,83
20180205,0000,75
20180206,0000,71
20180207,0000,77
20180208,0000,82
20180209,0000,75
20180210,0000,63
20180211,0000,69
20180212,0000,57
20180213,0000,58
20180214,0000,67
20180215,0000,66
20180216,0000,69
20180217,0000,71
20180218,0000,64
20180219,0000,54
20180220,0000,56
20180221,0000,55
20180222,0000,55
20180223,0000,58
20180224,0000,59
20180225,0000,67
20180226,0000,62
20180227,0000,49
20180228,0000,57
20180301,0000,58
20180302,0000,54
20180303,0000,53
20180304,0000,59
20180305,0000,65
20180306,0000,75
20180307,0000,67
20180308,0000,72
20180309,0000,68
20180310,0000,54
20180311,0000,60
20180312,0000,68
20180313,0000,70
20180314,0000,60
20180315,0000,59
20180316,0000,56
20180317,0000,55
20180318,0000,58
20180319,0000,68
20180320,0000,68
20180321,0000,66
20180322,0000,64
20180323,0000,62
20180324,0000,59
20180325,0000,58
20180326,0000,64
20180327,0000,71
20180328,0000,73
20180329,0000,74
20180330,0000,78
20180331,0000,72
20180401,0000,66
20180402,0000,64
20180403,0000,69
20180404,0000,68
20180405,0000,68
20180406,0000,70
20180407,0000,74
20180408,0000,74
20180409,0000,90
20180410,0000,88
20180411,0000,77
20180412,0000,69
20180413,0000,75
20180414,0000,83
20180415,0000,75
20180416,0000,61
20180417,0000,69
20180418,0000,69
20180419,0000,57
20180420,0000,75
20180421,0000,88
20180422,0000,82
20180423,0000,79
20180424,0000,75
20180425,0000,73
20180426,0000,71
20180427,0000,69
20180428,0000,69
20180429,0000,67
20180430,0000,62
20180501,0000,54
20180502,0000,58
20180503,0000,72
20180504,0000,m
20180505,0000,m
20180506,0000,m
20180507,0000,m
20180508,0000,m
20180509,0000,m
20180510,0000,m
20180511,0000,m
20180512,0000,m
20180513,0000,m
20180514,0000,m
20180515,0000,m